0.0000e+00,0.0000e+00,0.0000e+00,0.0000e+00,0.0000e+00,0.0000e+00,0.0000e+00,0.0000e+00,0.0000e+00,0.0000e+00,0.0000e+00,0.0000e+00,0.0000e+00,0.0000e+00,0.0000e+00,0.0000e+00,0.0000e+00,0.0000e+00,0.0000e+00,0.0000e+00,2.2317e+02,0.0000e+00,0.0000e+00,0.0000e+00,0.0000e+00,0.0000e+00,0.0000e+00,0.0000e+00,0.0000e+00,0.0000e+00,0.0000e+00,0.0000e+00
0.0000e+00,0.0000e+00,0.0000e+00,0.0000e+00,0.0000e+00,0.0000e+00,0.0000e+00,0.0000e+00,0.0000e+00,0.0000e+00,0.0000e+00,0.0000e+00,0.0000e+00,0.0000e+00,0.0000e+00,0.0000e+00,0.0000e+00,0.0000e+00,0.0000e+00,0.0000e+00,2.1668e+02,0.0000e+00,0.0000e+00,0.0000e+00,0.0000e+00,0.0000e+00,0.0000e+00,0.0000e+00,0.0000e+00,0.0000e+00,0.0000e+00,0.0000e+00
0.0000e+00,0.0000e+00,0.0000e+00,0.0000e+00,0.0000e+00,0.0000e+00,0.0000e+00,0.0000e+00,0.0000e+00,0.0000e+00,0.0000e+00,0.0000e+00,0.0000e+00,0.0000e+00,0.0000e+00,0.0000e+00,0.0000e+00,0.0000e+00,0.0000e+00,0.0000e+00,2.1668e+02,0.0000e+00,0.0000e+00,0.0000e+00,0.0000e+00,0.0000e+00,0.0000e+00,0.0000e+00,0.0000e+00,0.0000e+00,0.0000e+00,0.0000e+00
0.0000e+00,0.0000e+00,0.0000e+00,0.0000e+00,0.0000e+00,0.0000e+00,0.0000e+00,0.0000e+00,0.0000e+00,0.0000e+00,0.0000e+00,0.0000e+00,0.0000e+00,0.0000e+00,0.0000e+00,0.0000e+00,0.0000e+00,0.0000e+00,0.0000e+00,0.0000e+00,2.0263e+02,0.0000e+00,0.0000e+00,0.0000e+00,0.0000e+00,0.0000e+00,0.0000e+00,0.0000e+00,0.0000e+00,0.0000e+00,0.0000e+00,0.0000e+00
0.0000e+00,0.0000e+00,0.0000e+00,0.0000e+00,0.0000e+00,0.0000e+00,0.0000e+00,0.0000e+00,0.0000e+00,0.0000e+00,0.0000e+00,0.0000e+00,0.0000e+00,0.0000e+00,0.0000e+00,0.0000e+00,0.0000e+00,0.0000e+00,0.0000e+00,0.0000e+00,3.7796e+02,0.0000e+00,0.0000e+00,0.0000e+00,0.0000e+00,0.0000e+00,0.0000e+00,0.0000e+00,0.0000e+00,0.0000e+00,0.0000e+00,0.0000e+00
0.0000e+00,0.0000e+00,0.0000e+00,0.0000e+00,0.0000e+00,0.0000e+00,0.0000e+00,0.0000e+00,0.0000e+00,0.0000e+00,0.0000e+00,0.0000e+00,0.0000e+00,0.0000e+00,0.0000e+00,0.0000e+00,0.0000e+00,0.0000e+00,0.0000e+00,0.0000e+00,6.0849e+01,0.0000e+00,0.0000e+00,0.0000e+00,0.0000e+00,0.0000e+00,0.0000e+00,0.0000e+00,0.0000e+00,0.0000e+00,0.0000e+00,0.0000e+00
0.0000e+00,0.0000e+00,0.0000e+00,0.0000e+00,0.0000e+00,0.0000e+00,0.0000e+00,0.0000e+00,0.0000e+00,0.0000e+00,0.0000e+00,0.0000e+00,0.0000e+00,0.0000e+00,0.0000e+00,0.0000e+00,0.0000e+00,0.0000e+00,0.0000e+00,0.0000e+00,0.0000e+00,0.0000e+00,0.0000e+00,0.0000e+00,0.0000e+00,0.0000e+00,0.0000e+00,0.0000e+00,0.0000e+00,0.0000e+00,0.0000e+00,0.0000e+00
0.0000e+00,0.0000e+00,0.0000e+00,0.0000e+00,0.0000e+00,0.0000e+00,0.0000e+00,0.0000e+00,0.0000e+00,0.0000e+00,0.0000e+00,0.0000e+00,0.0000e+00,0.0000e+00,0.0000e+00,0.0000e+00,0.0000e+00,0.0000e+00,0.0000e+00,0.0000e+00,0.0000e+00,0.0000e+00,0.0000e+00,0.0000e+00,0.0000e+00,0.0000e+00,0.0000e+00,0.0000e+00,0.0000e+00,0.0000e+00,0.0000e+00,0.0000e+00
0.0000e+00,0.0000e+00,0.0000e+00,0.0000e+00,0.0000e+00,0.0000e+00,0.0000e+00,0.0000e+00,0.0000e+00,0.0000e+00,0.0000e+00,0.0000e+00,0.0000e+00,0.0000e+00,0.0000e+00,0.0000e+00,0.0000e+00,0.0000e+00,0.0000e+00,0.0000e+00,0.0000e+00,0.0000e+00,0.0000e+00,0.0000e+00,0.0000e+00,0.0000e+00,0.0000e+00,0.0000e+00,0.0000e+00,0.0000e+00,0.0000e+00,0.0000e+00
0.0000e+00,0.0000e+00,0.0000e+00,0.0000e+00,0.0000e+00,0.0000e+00,0.0000e+00,0.0000e+00,0.0000e+00,0.0000e+00,0.0000e+00,0.0000e+00,0.0000e+00,0.0000e+00,0.0000e+00,0.0000e+00,0.0000e+00,0.0000e+00,0.0000e+00,0.0000e+00,0.0000e+00,0.0000e+00,0.0000e+00,0.0000e+00,0.0000e+00,0.0000e+00,0.0000e+00,0.0000e+00,0.0000e+00,0.0000e+00,0.0000e+00,0.0000e+00
0.0000e+00,0.0000e+00,0.0000e+00,0.0000e+00,0.0000e+00,0.0000e+00,0.0000e+00,0.0000e+00,0.0000e+00,0.0000e+00,0.0000e+00,0.0000e+00,0.0000e+00,0.0000e+00,0.0000e+00,0.0000e+00,0.0000e+00,0.0000e+00,0.0000e+00,0.0000e+00,2.1749e+02,0.0000e+00,0.0000e+00,0.0000e+00,0.0000e+00,0.0000e+00,0.0000e+00,0.0000e+00,0.0000e+00,0.0000e+00,0.0000e+00,0.0000e+00
0.0000e+00,0.0000e+00,0.0000e+00,0.0000e+00,0.0000e+00,0.0000e+00,0.0000e+00,0.0000e+00,0.0000e+00,0.0000e+00,0.0000e+00,0.0000e+00,0.0000e+00,0.0000e+00,0.0000e+00,0.0000e+00,0.0000e+00,0.0000e+00,0.0000e+00,0.0000e+00,5.8138e+02,0.0000e+00,0.0000e+00,0.0000e+00,0.0000e+00,0.0000e+00,0.0000e+00,0.0000e+00,0.0000e+00,0.0000e+00,0.0000e+00,0.0000e+00
0.0000e+00,0.0000e+00,0.0000e+00,0.0000e+00,0.0000e+00,0.0000e+00,0.0000e+00,0.0000e+00,0.0000e+00,0.0000e+00,0.0000e+00,0.0000e+00,0.0000e+00,0.0000e+00,0.0000e+00,0.0000e+00,0.0000e+00,0.0000e+00,0.0000e+00,0.0000e+00,8.9850e+02,0.0000e+00,0.0000e+00,0.0000e+00,0.0000e+00,0.0000e+00,0.0000e+00,0.0000e+00,0.0000e+00,0.0000e+00,0.0000e+00,0.0000e+00
0.0000e+00,0.0000e+00,0.0000e+00,0.0000e+00,0.0000e+00,0.0000e+00,0.0000e+00,0.0000e+00,0.0000e+00,0.0000e+00,0.0000e+00,0.0000e+00,0.0000e+00,0.0000e+00,0.0000e+00,0.0000e+00,0.0000e+00,0.0000e+00,0.0000e+00,0.0000e+00,5.7653e+02,0.0000e+00,0.0000e+00,0.0000e+00,0.0000e+00,0.0000e+00,0.0000e+00,0.0000e+00,0.0000e+00,0.0000e+00,0.0000e+00,0.0000e+00
0.0000e+00,0.0000e+00,0.0000e+00,0.0000e+00,0.0000e+00,0.0000e+00,0.0000e+00,0.0000e+00,0.0000e+00,0.0000e+00,0.0000e+00,0.0000e+00,0.0000e+00,0.0000e+00,0.0000e+00,0.0000e+00,0.0000e+00,0.0000e+00,0.0000e+00,0.0000e+00,3.6838e+02,0.0000e+00,0.0000e+00,0.0000e+00,0.0000e+00,0.0000e+00,0.0000e+00,0.0000e+00,0.0000e+00,0.0000e+00,0.0000e+00,0.0000e+00
0.0000e+00,0.0000e+00,0.0000e+00,0.0000e+00,0.0000e+00,0.0000e+00,0.0000e+00,0.0000e+00,0.0000e+00,0.0000e+00,0.0000e+00,0.0000e+00,0.0000e+00,0.0000e+00,0.0000e+00,0.0000e+00,0.0000e+00,0.0000e+00,0.0000e+00,0.0000e+00,3.4437e+02,0.0000e+00,0.0000e+00,0.0000e+00,0.0000e+00,0.0000e+00,0.0000e+00,0.0000e+00,0.0000e+00,0.0000e+00,0.0000e+00,0.0000e+00
0.0000e+00,0.0000e+00,0.0000e+00,0.0000e+00,0.0000e+00,0.0000e+00,0.0000e+00,0.0000e+00,0.0000e+00,0.0000e+00,0.0000e+00,0.0000e+00,0.0000e+00,0.0000e+00,0.0000e+00,0.0000e+00,0.0000e+00,0.0000e+00,0.0000e+00,0.0000e+00,4.2455e+02,0.0000e+00,0.0000e+00,0.0000e+00,0.0000e+00,0.0000e+00,0.0000e+00,0.0000e+00,0.0000e+00,0.0000e+00,0.0000e+00,0.0000e+00
0.0000e+00,0.0000e+00,0.0000e+00,0.0000e+00,0.0000e+00,0.0000e+00,0.0000e+00,0.0000e+00,0.0000e+00,0.0000e+00,0.0000e+00,0.0000e+00,0.0000e+00,0.0000e+00,0.0000e+00,0.0000e+00,0.0000e+00,0.0000e+00,0.0000e+00,0.0000e+00,3.3374e+02,0.0000e+00,0.0000e+00,0.0000e+00,0.0000e+00,0.0000e+00,0.0000e+00,0.0000e+00,0.0000e+00,0.0000e+00,0.0000e+00,0.0000e+00
0.0000e+00,0.0000e+00,0.0000e+00,0.0000e+00,0.0000e+00,0.0000e+00,0.0000e+00,0.0000e+00,0.0000e+00,0.0000e+00,0.0000e+00,0.0000e+00,0.0000e+00,0.0000e+00,0.0000e+00,0.0000e+00,0.0000e+00,0.0000e+00,0.0000e+00,0.0000e+00,0.0000e+00,0.0000e+00,0.0000e+00,0.0000e+00,0.0000e+00,0.0000e+00,0.0000e+00,0.0000e+00,0.0000e+00,0.0000e+00,0.0000e+00,0.0000e+00
0.0000e+00,0.0000e+00,0.0000e+00,0.0000e+00,0.0000e+00,0.0000e+00,0.0000e+00,0.0000e+00,0.0000e+00,0.0000e+00,0.0000e+00,0.0000e+00,0.0000e+00,0.0000e+00,0.0000e+00,0.0000e+00,0.0000e+00,0.0000e+00,0.0000e+00,0.0000e+00,4.1655e+01,0.0000e+00,0.0000e+00,0.0000e+00,0.0000e+00,0.0000e+00,0.0000e+00,0.0000e+00,0.0000e+00,0.0000e+00,0.0000e+00,0.0000e+00
0.0000e+00,0.0000e+00,0.0000e+00,0.0000e+00,0.0000e+00,0.0000e+00,0.0000e+00,0.0000e+00,0.0000e+00,0.0000e+00,0.0000e+00,0.0000e+00,0.0000e+00,0.0000e+00,0.0000e+00,0.0000e+00,0.0000e+00,0.0000e+00,0.0000e+00,0.0000e+00,2.0158e+02,0.0000e+00,0.0000e+00,0.0000e+00,0.0000e+00,0.0000e+00,0.0000e+00,0.0000e+00,0.0000e+00,0.0000e+00,0.0000e+00,0.0000e+00
0.0000e+00,0.0000e+00,0.0000e+00,0.0000e+00,0.0000e+00,0.0000e+00,0.0000e+00,0.0000e+00,0.0000e+00,0.0000e+00,0.0000e+00,0.0000e+00,0.0000e+00,0.0000e+00,0.0000e+00,0.0000e+00,0.0000e+00,0.0000e+00,0.0000e+00,0.0000e+00,2.5410e+02,0.0000e+00,0.0000e+00,0.0000e+00,0.0000e+00,0.0000e+00,0.0000e+00,0.0000e+00,0.0000e+00,0.0000e+00,0.0000e+00,0.0000e+00
0.0000e+00,0.0000e+00,0.0000e+00,0.0000e+00,0.0000e+00,0.0000e+00,0.0000e+00,0.0000e+00,0.0000e+00,0.0000e+00,0.0000e+00,0.0000e+00,0.0000e+00,0.0000e+00,0.0000e+00,0.0000e+00,0.0000e+00,0.0000e+00,0.0000e+00,0.0000e+00,2.3766e+02,0.0000e+00,0.0000e+00,0.0000e+00,0.0000e+00,0.0000e+00,0.0000e+00,0.0000e+00,0.0000e+00,0.0000e+00,0.0000e+00,0.0000e+00
0.0000e+00,0.0000e+00,0.0000e+00,0.0000e+00,0.0000e+00,0.0000e+00,0.0000e+00,0.0000e+00,0.0000e+00,0.0000e+00,0.0000e+00,0.0000e+00,0.0000e+00,0.0000e+00,0.0000e+00,0.0000e+00,0.0000e+00,0.0000e+00,0.0000e+00,0.0000e+00,2.3420e+02,0.0000e+00,0.0000e+00,0.0000e+00,0.0000e+00,0.0000e+00,0.0000e+00,0.0000e+00,0.0000e+00,0.0000e+00,0.0000e+00,0.0000e+00
0.0000e+00,0.0000e+00,0.0000e+00,0.0000e+00,0.0000e+00,0.0000e+00,0.0000e+00,0.0000e+00,0.0000e+00,0.0000e+00,0.0000e+00,0.0000e+00,0.0000e+00,0.0000e+00,0.0000e+00,0.0000e+00,0.0000e+00,0.0000e+00,0.0000e+00,0.0000e+00,1.2700e+02,0.0000e+00,0.0000e+00,0.0000e+00,0.0000e+00,0.0000e+00,0.0000e+00,0.0000e+00,0.0000e+00,0.0000e+00,0.0000e+00,0.0000e+00
0.0000e+00,0.0000e+00,0.0000e+00,0.0000e+00,0.0000e+00,0.0000e+00,0.0000e+00,0.0000e+00,0.0000e+00,0.0000e+00,0.0000e+00,0.0000e+00,0.0000e+00,0.0000e+00,0.0000e+00,0.0000e+00,0.0000e+00,0.0000e+00,0.0000e+00,0.0000e+00,1.2351e+02,0.0000e+00,0.0000e+00,0.0000e+00,0.0000e+00,0.0000e+00,0.0000e+00,0.0000e+00,0.0000e+00,0.0000e+00,0.0000e+00,0.0000e+00
0.0000e+00,0.0000e+00,0.0000e+00,0.0000e+00,0.0000e+00,0.0000e+00,0.0000e+00,0.0000e+00,0.0000e+00,0.0000e+00,0.0000e+00,0.0000e+00,0.0000e+00,0.0000e+00,0.0000e+00,0.0000e+00,0.0000e+00,0.0000e+00,0.0000e+00,0.0000e+00,1.2351e+02,0.0000e+00,0.0000e+00,0.0000e+00,0.0000e+00,0.0000e+00,0.0000e+00,0.0000e+00,0.0000e+00,0.0000e+00,0.0000e+00,0.0000e+00
0.0000e+00,0.0000e+00,0.0000e+00,0.0000e+00,0.0000e+00,0.0000e+00,0.0000e+00,0.0000e+00,0.0000e+00,0.0000e+00,0.0000e+00,0.0000e+00,0.0000e+00,0.0000e+00,0.0000e+00,0.0000e+00,0.0000e+00,0.0000e+00,0.0000e+00,0.0000e+00,1.1498e+02,0.0000e+00,0.0000e+00,0.0000e+00,0.0000e+00,0.0000e+00,0.0000e+00,0.0000e+00,0.0000e+00,0.0000e+00,0.0000e+00,0.0000e+00
0.0000e+00,0.0000e+00,0.0000e+00,0.0000e+00,0.0000e+00,0.0000e+00,0.0000e+00,0.0000e+00,0.0000e+00,0.0000e+00,0.0000e+00,0.0000e+00,0.0000e+00,0.0000e+00,0.0000e+00,0.0000e+00,0.0000e+00,0.0000e+00,0.0000e+00,0.0000e+00,2.2349e+02,0.0000e+00,0.0000e+00,0.0000e+00,0.0000e+00,0.0000e+00,0.0000e+00,0.0000e+00,0.0000e+00,0.0000e+00,0.0000e+00,0.0000e+00
0.0000e+00,0.0000e+00,0.0000e+00,0.0000e+00,0.0000e+00,0.0000e+00,0.0000e+00,0.0000e+00,0.0000e+00,0.0000e+00,0.0000e+00,0.0000e+00,0.0000e+00,0.0000e+00,0.0000e+00,0.0000e+00,0.0000e+00,0.0000e+00,0.0000e+00,0.0000e+00,1.9623e+01,0.0000e+00,0.0000e+00,0.0000e+00,0.0000e+00,0.0000e+00,0.0000e+00,0.0000e+00,0.0000e+00,0.0000e+00,0.0000e+00,0.0000e+00
0.0000e+00,0.0000e+00,0.0000e+00,0.0000e+00,0.0000e+00,0.0000e+00,0.0000e+00,0.0000e+00,0.0000e+00,0.0000e+00,0.0000e+00,0.0000e+00,0.0000e+00,0.0000e+00,0.0000e+00,0.0000e+00,0.0000e+00,0.0000e+00,0.0000e+00,0.0000e+00,0.0000e+00,0.0000e+00,0.0000e+00,0.0000e+00,0.0000e+00,0.0000e+00,0.0000e+00,0.0000e+00,0.0000e+00,0.0000e+00,0.0000e+00,0.0000e+00
0.0000e+00,0.0000e+00,0.0000e+00,0.0000e+00,0.0000e+00,0.0000e+00,0.0000e+00,0.0000e+00,0.0000e+00,0.0000e+00,0.0000e+00,0.0000e+00,0.0000e+00,0.0000e+00,0.0000e+00,0.0000e+00,0.0000e+00,0.0000e+00,0.0000e+00,0.0000e+00,0.0000e+00,0.0000e+00,0.0000e+00,0.0000e+00,0.0000e+00,0.0000e+00,0.0000e+00,0.0000e+00,0.0000e+00,0.0000e+00,0.0000e+00,0.0000e+00
0.0000e+00,0.0000e+00,0.0000e+00,0.0000e+00,0.0000e+00,0.0000e+00,0.0000e+00,0.0000e+00,0.0000e+00,0.0000e+00,0.0000e+00,0.0000e+00,0.0000e+00,0.0000e+00,0.0000e+00,0.0000e+00,0.0000e+00,0.0000e+00,0.0000e+00,0.0000e+00,0.0000e+00,0.0000e+00,0.0000e+00,0.0000e+00,0.0000e+00,0.0000e+00,0.0000e+00,0.0000e+00,0.0000e+00,0.0000e+00,0.0000e+00,0.0000e+00
0.0000e+00,0.0000e+00,0.0000e+00,0.0000e+00,0.0000e+00,0.0000e+00,0.0000e+00,0.0000e+00,0.0000e+00,0.0000e+00,0.0000e+00,0.0000e+00,0.0000e+00,0.0000e+00,0.0000e+00,0.0000e+00,0.0000e+00,0.0000e+00,0.0000e+00,0.0000e+00,0.0000e+00,0.0000e+00,0.0000e+00,0.0000e+00,0.0000e+00,0.0000e+00,0.0000e+00,0.0000e+00,0.0000e+00,0.0000e+00,0.0000e+00,0.0000e+00
0.0000e+00,0.0000e+00,0.0000e+00,0.0000e+00,0.0000e+00,0.0000e+00,0.0000e+00,0.0000e+00,0.0000e+00,0.0000e+00,0.0000e+00,0.0000e+00,0.0000e+00,0.0000e+00,0.0000e+00,0.0000e+00,0.0000e+00,0.0000e+00,0.0000e+00,0.0000e+00,2.3243e+02,0.0000e+00,0.0000e+00,0.0000e+00,0.0000e+00,0.0000e+00,0.0000e+00,0.0000e+00,0.0000e+00,0.0000e+00,0.0000e+00,0.0000e+00
0.0000e+00,0.0000e+00,0.0000e+00,0.0000e+00,0.0000e+00,0.0000e+00,0.0000e+00,0.0000e+00,0.0000e+00,0.0000e+00,0.0000e+00,0.0000e+00,0.0000e+00,0.0000e+00,0.0000e+00,0.0000e+00,0.0000e+00,0.0000e+00,0.0000e+00,0.0000e+00,5.4040e+02,0.0000e+00,0.0000e+00,0.0000e+00,0.0000e+00,0.0000e+00,0.0000e+00,0.0000e+00,0.0000e+00,0.0000e+00,0.0000e+00,0.0000e+00
0.0000e+00,0.0000e+00,0.0000e+00,0.0000e+00,0.0000e+00,0.0000e+00,0.0000e+00,0.0000e+00,0.0000e+00,0.0000e+00,0.0000e+00,0.0000e+00,0.0000e+00,0.0000e+00,0.0000e+00,0.0000e+00,0.0000e+00,0.0000e+00,0.0000e+00,0.0000e+00,7.6691e+02,0.0000e+00,0.0000e+00,0.0000e+00,0.0000e+00,0.0000e+00,0.0000e+00,0.0000e+00,0.0000e+00,0.0000e+00,0.0000e+00,0.0000e+00
0.0000e+00,0.0000e+00,0.0000e+00,0.0000e+00,0.0000e+00,0.0000e+00,0.0000e+00,0.0000e+00,0.0000e+00,0.0000e+00,0.0000e+00,0.0000e+00,0.0000e+00,0.0000e+00,0.0000e+00,0.0000e+00,0.0000e+00,0.0000e+00,0.0000e+00,0.0000e+00,5.3878e+02,0.0000e+00,0.0000e+00,0.0000e+00,0.0000e+00,0.0000e+00,0.0000e+00,0.0000e+00,0.0000e+00,0.0000e+00,0.0000e+00,0.0000e+00
0.0000e+00,0.0000e+00,0.0000e+00,0.0000e+00,0.0000e+00,0.0000e+00,0.0000e+00,0.0000e+00,0.0000e+00,0.0000e+00,0.0000e+00,0.0000e+00,0.0000e+00,0.0000e+00,0.0000e+00,0.0000e+00,0.0000e+00,0.0000e+00,0.0000e+00,0.0000e+00,2.4558e+02,0.0000e+00,0.0000e+00,0.0000e+00,0.0000e+00,0.0000e+00,0.0000e+00,0.0000e+00,0.0000e+00,0.0000e+00,0.0000e+00,0.0000e+00
0.0000e+00,0.0000e+00,0.0000e+00,0.0000e+00,0.0000e+00,0.0000e+00,0.0000e+00,0.0000e+00,0.0000e+00,0.0000e+00,0.0000e+00,0.0000e+00,0.0000e+00,0.0000e+00,0.0000e+00,0.0000e+00,0.0000e+00,0.0000e+00,0.0000e+00,0.0000e+00,2.2958e+02,0.0000e+00,0.0000e+00,0.0000e+00,0.0000e+00,0.0000e+00,0.0000e+00,0.0000e+00,0.0000e+00,0.0000e+00,0.0000e+00,0.0000e+00
0.0000e+00,0.0000e+00,0.0000e+00,0.0000e+00,0.0000e+00,0.0000e+00,0.0000e+00,0.0000e+00,0.0000e+00,0.0000e+00,0.0000e+00,0.0000e+00,0.0000e+00,0.0000e+00,0.0000e+00,0.0000e+00,0.0000e+00,0.0000e+00,0.0000e+00,0.0000e+00,2.8304e+02,0.0000e+00,0.0000e+00,0.0000e+00,0.0000e+00,0.0000e+00,0.0000e+00,0.0000e+00,0.0000e+00,0.0000e+00,0.0000e+00,0.0000e+00
0.0000e+00,0.0000e+00,0.0000e+00,0.0000e+00,0.0000e+00,0.0000e+00,0.0000e+00,0.0000e+00,0.0000e+00,0.0000e+00,0.0000e+00,0.0000e+00,0.0000e+00,0.0000e+00,0.0000e+00,0.0000e+00,0.0000e+00,0.0000e+00,0.0000e+00,0.0000e+00,2.2250e+02,0.0000e+00,0.0000e+00,0.0000e+00,0.0000e+00,0.0000e+00,0.0000e+00,0.0000e+00,0.0000e+00,0.0000e+00,0.0000e+00,0.0000e+00
0.0000e+00,0.0000e+00,0.0000e+00,0.0000e+00,0.0000e+00,0.0000e+00,0.0000e+00,0.0000e+00,0.0000e+00,0.0000e+00,0.0000e+00,0.0000e+00,0.0000e+00,0.0000e+00,0.0000e+00,0.0000e+00,0.0000e+00,0.0000e+00,0.0000e+00,0.0000e+00,0.0000e+00,0.0000e+00,0.0000e+00,0.0000e+00,0.0000e+00,0.0000e+00,0.0000e+00,0.0000e+00,0.0000e+00,0.0000e+00,0.0000e+00,0.0000e+00
0.0000e+00,0.0000e+00,0.0000e+00,0.0000e+00,0.0000e+00,0.0000e+00,0.0000e+00,0.0000e+00,0.0000e+00,0.0000e+00,0.0000e+00,0.0000e+00,0.0000e+00,0.0000e+00,0.0000e+00,0.0000e+00,0.0000e+00,0.0000e+00,0.0000e+00,0.0000e+00,2.7770e+01,0.0000e+00,0.0000e+00,0.0000e+00,0.0000e+00,0.0000e+00,0.0000e+00,0.0000e+00,0.0000e+00,0.0000e+00,0.0000e+00,0.0000e+00
0.0000e+00,0.0000e+00,0.0000e+00,0.0000e+00,0.0000e+00,0.0000e+00,0.0000e+00,0.0000e+00,0.0000e+00,0.0000e+00,0.0000e+00,0.0000e+00,0.0000e+00,0.0000e+00,0.0000e+00,0.0000e+00,0.0000e+00,0.0000e+00,0.0000e+00,0.0000e+00,1.3439e+02,0.0000e+00,0.0000e+00,0.0000e+00,0.0000e+00,0.0000e+00,0.0000e+00,0.0000e+00,0.0000e+00,0.0000e+00,0.0000e+00,0.0000e+00
0.0000e+00,0.0000e+00,0.0000e+00,0.0000e+00,0.0000e+00,0.0000e+00,0.0000e+00,0.0000e+00,0.0000e+00,0.0000e+00,0.0000e+00,0.0000e+00,0.0000e+00,0.0000e+00,0.0000e+00,0.0000e+00,0.0000e+00,0.0000e+00,0.0000e+00,0.0000e+00,5.1174e+02,0.0000e+00,0.0000e+00,0.0000e+00,0.0000e+00,0.0000e+00,0.0000e+00,0.0000e+00,0.0000e+00,0.0000e+00,0.0000e+00,0.0000e+00
0.0000e+00,0.0000e+00,0.0000e+00,0.0000e+00,0.0000e+00,0.0000e+00,0.0000e+00,0.0000e+00,0.0000e+00,0.0000e+00,0.0000e+00,0.0000e+00,0.0000e+00,0.0000e+00,0.0000e+00,0.0000e+00,0.0000e+00,0.0000e+00,0.0000e+00,0.0000e+00,1.5844e+02,0.0000e+00,0.0000e+00,0.0000e+00,0.0000e+00,0.0000e+00,0.0000e+00,0.0000e+00,0.0000e+00,0.0000e+00,0.0000e+00,0.0000e+00
0.0000e+00,0.0000e+00,0.0000e+00,0.0000e+00,0.0000e+00,0.0000e+00,0.0000e+00,0.0000e+00,0.0000e+00,0.0000e+00,0.0000e+00,0.0000e+00,0.0000e+00,0.0000e+00,0.0000e+00,0.0000e+00,0.0000e+00,0.0000e+00,0.0000e+00,0.0000e+00,1.5614e+02,0.0000e+00,0.0000e+00,0.0000e+00,0.0000e+00,0.0000e+00,0.0000e+00,0.0000e+00,0.0000e+00,0.0000e+00,0.0000e+00,0.0000e+00
0.0000e+00,0.0000e+00,0.0000e+00,0.0000e+00,0.0000e+00,0.0000e+00,0.0000e+00,0.0000e+00,0.0000e+00,0.0000e+00,0.0000e+00,0.0000e+00,0.0000e+00,0.0000e+00,0.0000e+00,0.0000e+00,0.0000e+00,0.0000e+00,0.0000e+00,0.0000e+00,5.8246e+02,0.0000e+00,0.0000e+00,0.0000e+00,0.0000e+00,0.0000e+00,0.0000e+00,0.0000e+00,0.0000e+00,0.0000e+00,0.0000e+00,0.0000e+00
0.0000e+00,0.0000e+00,0.0000e+00,0.0000e+00,0.0000e+00,0.0000e+00,0.0000e+00,0.0000e+00,0.0000e+00,0.0000e+00,0.0000e+00,0.0000e+00,0.0000e+00,0.0000e+00,0.0000e+00,0.0000e+00,0.0000e+00,0.0000e+00,0.0000e+00,0.0000e+00,5.3709e+02,0.0000e+00,0.0000e+00,0.0000e+00,0.0000e+00,0.0000e+00,0.0000e+00,0.0000e+00,0.0000e+00,0.0000e+00,0.0000e+00,0.0000e+00
0.0000e+00,0.0000e+00,0.0000e+00,0.0000e+00,0.0000e+00,0.0000e+00,0.0000e+00,0.0000e+00,0.0000e+00,0.0000e+00,0.0000e+00,0.0000e+00,0.0000e+00,0.0000e+00,0.0000e+00,0.0000e+00,0.0000e+00,0.0000e+00,0.0000e+00,0.0000e+00,4.8926e+02,0.0000e+00,0.0000e+00,0.0000e+00,0.0000e+00,0.0000e+00,0.0000e+00,0.0000e+00,0.0000e+00,0.0000e+00,0.0000e+00,0.0000e+00
0.0000e+00,0.0000e+00,0.0000e+00,0.0000e+00,0.0000e+00,0.0000e+00,0.0000e+00,0.0000e+00,0.0000e+00,0.0000e+00,0.0000e+00,0.0000e+00,0.0000e+00,0.0000e+00,0.0000e+00,0.0000e+00,0.0000e+00,0.0000e+00,0.0000e+00,0.0000e+00,4.1691e+02,0.0000e+00,0.0000e+00,0.0000e+00,0.0000e+00,0.0000e+00,0.0000e+00,0.0000e+00,0.0000e+00,0.0000e+00,0.0000e+00,0.0000e+00
0.0000e+00,0.0000e+00,0.0000e+00,0.0000e+00,0.0000e+00,0.0000e+00,0.0000e+00,0.0000e+00,0.0000e+00,0.0000e+00,0.0000e+00,0.0000e+00,0.0000e+00,0.0000e+00,0.0000e+00,0.0000e+00,0.0000e+00,0.0000e+00,0.0000e+00,0.0000e+00,1.4899e+03,0.0000e+00,0.0000e+00,0.0000e+00,0.0000e+00,0.0000e+00,0.0000e+00,0.0000e+00,0.0000e+00,0.0000e+00,0.0000e+00,0.0000e+00
0.0000e+00,0.0000e+00,0.0000e+00,0.0000e+00,0.0000e+00,0.0000e+00,0.0000e+00,0.0000e+00,0.0000e+00,0.0000e+00,0.0000e+00,0.0000e+00,0.0000e+00,0.0000e+00,0.0000e+00,0.0000e+00,0.0000e+00,0.0000e+00,0.0000e+00,0.0000e+00,8.7308e+02,0.0000e+00,0.0000e+00,0.0000e+00,0.0000e+00,0.0000e+00,0.0000e+00,0.0000e+00,0.0000e+00,0.0000e+00,0.0000e+00,0.0000e+00
0.0000e+00,0.0000e+00,0.0000e+00,0.0000e+00,0.0000e+00,0.0000e+00,0.0000e+00,0.0000e+00,0.0000e+00,0.0000e+00,0.0000e+00,0.0000e+00,0.0000e+00,0.0000e+00,0.0000e+00,0.0000e+00,0.0000e+00,0.0000e+00,0.0000e+00,0.0000e+00,7.7809e+02,0.0000e+00,0.0000e+00,0.0000e+00,0.0000e+00,0.0000e+00,0.0000e+00,0.0000e+00,0.0000e+00,0.0000e+00,0.0000e+00,0.0000e+00
0.0000e+00,0.0000e+00,0.0000e+00,0.0000e+00,0.0000e+00,0.0000e+00,0.0000e+00,0.0000e+00,0.0000e+00,0.0000e+00,0.0000e+00,0.0000e+00,0.0000e+00,0.0000e+00,0.0000e+00,0.0000e+00,0.0000e+00,0.0000e+00,0.0000e+00,0.0000e+00,3.6287e+03,0.0000e+00,0.0000e+00,0.0000e+00,0.0000e+00,0.0000e+00,0.0000e+00,0.0000e+00,0.0000e+00,0.0000e+00,0.0000e+00,0.0000e+00
0.0000e+00,0.0000e+00,0.0000e+00,0.0000e+00,0.0000e+00,0.0000e+00,0.0000e+00,0.0000e+00,0.0000e+00,0.0000e+00,0.0000e+00,0.0000e+00,0.0000e+00,0.0000e+00,0.0000e+00,0.0000e+00,0.0000e+00,0.0000e+00,0.0000e+00,0.0000e+00,3.5400e+03,0.0000e+00,0.0000e+00,0.0000e+00,0.0000e+00,0.0000e+00,0.0000e+00,0.0000e+00,0.0000e+00,0.0000e+00,0.0000e+00,0.0000e+00
0.0000e+00,0.0000e+00,0.0000e+00,0.0000e+00,0.0000e+00,0.0000e+00,0.0000e+00,0.0000e+00,0.0000e+00,0.0000e+00,0.0000e+00,0.0000e+00,0.0000e+00,0.0000e+00,0.0000e+00,0.0000e+00,0.0000e+00,0.0000e+00,0.0000e+00,0.0000e+00,3.8062e+03,0.0000e+00,0.0000e+00,0.0000e+00,0.0000e+00,0.0000e+00,0.0000e+00,0.0000e+00,0.0000e+00,0.0000e+00,0.0000e+00,0.0000e+00
0.0000e+00,0.0000e+00,0.0000e+00,0.0000e+00,0.0000e+00,0.0000e+00,0.0000e+00,0.0000e+00,0.0000e+00,0.0000e+00,0.0000e+00,0.0000e+00,0.0000e+00,0.0000e+00,0.0000e+00,0.0000e+00,0.0000e+00,0.0000e+00,0.0000e+00,0.0000e+00,4.0133e+03,0.0000e+00,0.0000e+00,0.0000e+00,0.0000e+00,0.0000e+00,0.0000e+00,0.0000e+00,0.0000e+00,0.0000e+00,0.0000e+00,0.0000e+00
0.0000e+00,0.0000e+00,0.0000e+00,0.0000e+00,0.0000e+00,0.0000e+00,0.0000e+00,0.0000e+00,0.0000e+00,0.0000e+00,0.0000e+00,0.0000e+00,0.0000e+00,0.0000e+00,0.0000e+00,0.0000e+00,0.0000e+00,0.0000e+00,0.0000e+00,0.0000e+00,4.1077e+03,0.0000e+00,0.0000e+00,0.0000e+00,0.0000e+00,0.0000e+00,0.0000e+00,0.0000e+00,0.0000e+00,0.0000e+00,0.0000e+00,0.0000e+00
0.0000e+00,0.0000e+00,0.0000e+00,0.0000e+00,0.0000e+00,0.0000e+00,0.0000e+00,0.0000e+00,0.0000e+00,0.0000e+00,0.0000e+00,0.0000e+00,0.0000e+00,0.0000e+00,0.0000e+00,0.0000e+00,0.0000e+00,0.0000e+00,0.0000e+00,0.0000e+00,3.8950e+03,0.0000e+00,0.0000e+00,0.0000e+00,0.0000e+00,0.0000e+00,0.0000e+00,0.0000e+00,0.0000e+00,0.0000e+00,0.0000e+00,0.0000e+00
0.0000e+00,0.0000e+00,0.0000e+00,0.0000e+00,0.0000e+00,0.0000e+00,0.0000e+00,0.0000e+00,0.0000e+00,0.0000e+00,0.0000e+00,0.0000e+00,0.0000e+00,0.0000e+00,0.0000e+00,0.0000e+00,0.0000e+00,0.0000e+00,0.0000e+00,0.0000e+00,4.0108e+03,0.0000e+00,0.0000e+00,0.0000e+00,0.0000e+00,0.0000e+00,0.0000e+00,0.0000e+00,0.0000e+00,0.0000e+00,0.0000e+00,0.0000e+00
0.0000e+00,0.0000e+00,0.0000e+00,0.0000e+00,0.0000e+00,0.0000e+00,0.0000e+00,0.0000e+00,0.0000e+00,0.0000e+00,0.0000e+00,0.0000e+00,0.0000e+00,0.0000e+00,0.0000e+00,0.0000e+00,0.0000e+00,0.0000e+00,0.0000e+00,0.0000e+00,3.8062e+03,0.0000e+00,0.0000e+00,0.0000e+00,0.0000e+00,0.0000e+00,0.0000e+00,0.0000e+00,0.0000e+00,0.0000e+00,0.0000e+00,0.0000e+00
0.0000e+00,0.0000e+00,0.0000e+00,0.0000e+00,0.0000e+00,0.0000e+00,0.0000e+00,0.0000e+00,0.0000e+00,0.0000e+00,0.0000e+00,0.0000e+00,0.0000e+00,0.0000e+00,0.0000e+00,0.0000e+00,0.0000e+00,0.0000e+00,0.0000e+00,0.0000e+00,3.4512e+03,0.0000e+00,0.0000e+00,0.0000e+00,0.0000e+00,0.0000e+00,0.0000e+00,0.0000e+00,0.0000e+00,0.0000e+00,0.0000e+00,0.0000e+00
0.0000e+00,0.0000e+00,0.0000e+00,0.0000e+00,0.0000e+00,0.0000e+00,0.0000e+00,0.0000e+00,0.0000e+00,0.0000e+00,0.0000e+00,0.0000e+00,0.0000e+00,0.0000e+00,0.0000e+00,0.0000e+00,0.0000e+00,0.0000e+00,0.0000e+00,0.0000e+00,3.5400e+03,0.0000e+00,0.0000e+00,0.0000e+00,0.0000e+00,0.0000e+00,0.0000e+00,0.0000e+00,0.0000e+00,0.0000e+00,0.0000e+00,0.0000e+00
0.0000e+00,0.0000e+00,0.0000e+00,0.0000e+00,0.0000e+00,0.0000e+00,0.0000e+00,0.0000e+00,0.0000e+00,0.0000e+00,0.0000e+00,0.0000e+00,0.0000e+00,0.0000e+00,0.0000e+00,0.0000e+00,0.0000e+00,0.0000e+00,0.0000e+00,0.0000e+00,3.7668e+03,0.0000e+00,0.0000e+00,0.0000e+00,0.0000e+00,0.0000e+00,0.0000e+00,0.0000e+00,0.0000e+00,0.0000e+00,0.0000e+00,0.0000e+00
0.0000e+00,0.0000e+00,0.0000e+00,0.0000e+00,0.0000e+00,0.0000e+00,0.0000e+00,0.0000e+00,0.0000e+00,0.0000e+00,0.0000e+00,0.0000e+00,0.0000e+00,0.0000e+00,0.0000e+00,0.0000e+00,0.0000e+00,0.0000e+00,0.0000e+00,0.0000e+00,8.7713e+02,0.0000e+00,0.0000e+00,0.0000e+00,0.0000e+00,0.0000e+00,0.0000e+00,0.0000e+00,0.0000e+00,0.0000e+00,0.0000e+00,0.0000e+00
0.0000e+00,0.0000e+00,0.0000e+00,0.0000e+00,0.0000e+00,0.0000e+00,0.0000e+00,0.0000e+00,0.0000e+00,0.0000e+00,0.0000e+00,0.0000e+00,0.0000e+00,0.0000e+00,0.0000e+00,0.0000e+00,0.0000e+00,0.0000e+00,0.0000e+00,0.0000e+00,6.9960e+02,0.0000e+00,0.0000e+00,0.0000e+00,0.0000e+00,0.0000e+00,0.0000e+00,0.0000e+00,0.0000e+00,0.0000e+00,0.0000e+00,0.0000e+00
0.0000e+00,0.0000e+00,0.0000e+00,0.0000e+00,0.0000e+00,0.0000e+00,0.0000e+00,0.0000e+00,0.0000e+00,0.0000e+00,0.0000e+00,0.0000e+00,0.0000e+00,0.0000e+00,0.0000e+00,0.0000e+00,0.0000e+00,0.0000e+00,0.0000e+00,0.0000e+00,9.7364e+02,0.0000e+00,0.0000e+00,0.0000e+00,0.0000e+00,0.0000e+00,0.0000e+00,0.0000e+00,0.0000e+00,0.0000e+00,0.0000e+00,0.0000e+00
0.0000e+00,0.0000e+00,0.0000e+00,0.0000e+00,0.0000e+00,0.0000e+00,0.0000e+00,0.0000e+00,0.0000e+00,0.0000e+00,0.0000e+00,0.0000e+00,0.0000e+00,0.0000e+00,0.0000e+00,0.0000e+00,0.0000e+00,0.0000e+00,0.0000e+00,0.0000e+00,1.0337e+03,0.0000e+00,0.0000e+00,0.0000e+00,0.0000e+00,0.0000e+00,0.0000e+00,0.0000e+00,0.0000e+00,0.0000e+00,0.0000e+00,0.0000e+00
0.0000e+00,0.0000e+00,0.0000e+00,0.0000e+00,0.0000e+00,0.0000e+00,0.0000e+00,0.0000e+00,0.0000e+00,0.0000e+00,0.0000e+00,0.0000e+00,0.0000e+00,0.0000e+00,0.0000e+00,0.0000e+00,0.0000e+00,0.0000e+00,0.0000e+00,0.0000e+00,5.1304e+02,0.0000e+00,0.0000e+00,0.0000e+00,0.0000e+00,0.0000e+00,0.0000e+00,0.0000e+00,0.0000e+00,0.0000e+00,0.0000e+00,0.0000e+00
0.0000e+00,0.0000e+00,0.0000e+00,0.0000e+00,0.0000e+00,0.0000e+00,0.0000e+00,0.0000e+00,0.0000e+00,0.0000e+00,0.0000e+00,0.0000e+00,0.0000e+00,0.0000e+00,0.0000e+00,0.0000e+00,0.0000e+00,0.0000e+00,0.0000e+00,0.0000e+00,5.5794e+02,0.0000e+00,0.0000e+00,0.0000e+00,0.0000e+00,0.0000e+00,0.0000e+00,0.0000e+00,0.0000e+00,0.0000e+00,0.0000e+00,0.0000e+00
0.0000e+00,0.0000e+00,0.0000e+00,0.0000e+00,0.0000e+00,0.0000e+00,0.0000e+00,0.0000e+00,0.0000e+00,0.0000e+00,0.0000e+00,0.0000e+00,0.0000e+00,0.0000e+00,0.0000e+00,0.0000e+00,0.0000e+00,0.0000e+00,0.0000e+00,0.0000e+00,1.5321e+02,0.0000e+00,0.0000e+00,0.0000e+00,0.0000e+00,0.0000e+00,0.0000e+00,0.0000e+00,0.0000e+00,0.0000e+00,0.0000e+00,0.0000e+00
0.0000e+00,0.0000e+00,0.0000e+00,0.0000e+00,0.0000e+00,0.0000e+00,0.0000e+00,0.0000e+00,0.0000e+00,0.0000e+00,0.0000e+00,0.0000e+00,0.0000e+00,0.0000e+00,0.0000e+00,0.0000e+00,0.0000e+00,0.0000e+00,0.0000e+00,0.0000e+00,1.3383e+02,0.0000e+00,0.0000e+00,0.0000e+00,0.0000e+00,0.0000e+00,0.0000e+00,0.0000e+00,0.0000e+00,0.0000e+00,0.0000e+00,0.0000e+00
0.0000e+00,0.0000e+00,0.0000e+00,0.0000e+00,0.0000e+00,0.0000e+00,0.0000e+00,0.0000e+00,0.0000e+00,0.0000e+00,0.0000e+00,0.0000e+00,0.0000e+00,0.0000e+00,0.0000e+00,0.0000e+00,0.0000e+00,0.0000e+00,0.0000e+00,0.0000e+00,1.1255e+02,0.0000e+00,0.0000e+00,0.0000e+00,0.0000e+00,0.0000e+00,0.0000e+00,0.0000e+00,0.0000e+00,0.0000e+00,0.0000e+00,0.0000e+00
0.0000e+00,0.0000e+00,0.0000e+00,0.0000e+00,0.0000e+00,0.0000e+00,0.0000e+00,0.0000e+00,0.0000e+00,0.0000e+00,0.0000e+00,0.0000e+00,0.0000e+00,0.0000e+00,0.0000e+00,0.0000e+00,0.0000e+00,0.0000e+00,0.0000e+00,0.0000e+00,7.2415e+01,0.0000e+00,0.0000e+00,0.0000e+00,0.0000e+00,0.0000e+00,0.0000e+00,0.0000e+00,0.0000e+00,0.0000e+00,0.0000e+00,0.0000e+00
0.0000e+00,0.0000e+00,0.0000e+00,0.0000e+00,0.0000e+00,0.0000e+00,0.0000e+00,0.0000e+00,0.0000e+00,0.0000e+00,0.0000e+00,0.0000e+00,0.0000e+00,0.0000e+00,0.0000e+00,0.0000e+00,0.0000e+00,0.0000e+00,0.0000e+00,0.0000e+00,6.0299e+02,0.0000e+00,0.0000e+00,0.0000e+00,0.0000e+00,0.0000e+00,0.0000e+00,0.0000e+00,0.0000e+00,0.0000e+00,0.0000e+00,0.0000e+00
0.0000e+00,0.0000e+00,0.0000e+00,0.0000e+00,0.0000e+00,0.0000e+00,0.0000e+00,0.0000e+00,0.0000e+00,0.0000e+00,0.0000e+00,0.0000e+00,0.0000e+00,0.0000e+00,0.0000e+00,0.0000e+00,0.0000e+00,0.0000e+00,0.0000e+00,0.0000e+00,2.3711e+02,0.0000e+00,0.0000e+00,0.0000e+00,0.0000e+00,0.0000e+00,0.0000e+00,0.0000e+00,0.0000e+00,0.0000e+00,0.0000e+00,0.0000e+00
0.0000e+00,0.0000e+00,0.0000e+00,0.0000e+00,0.0000e+00,0.0000e+00,0.0000e+00,0.0000e+00,0.0000e+00,0.0000e+00,0.0000e+00,0.0000e+00,0.0000e+00,0.0000e+00,0.0000e+00,0.0000e+00,0.0000e+00,0.0000e+00,0.0000e+00,0.0000e+00,4.9457e+01,0.0000e+00,0.0000e+00,0.0000e+00,0.0000e+00,0.0000e+00,0.0000e+00,0.0000e+00,0.0000e+00,0.0000e+00,0.0000e+00,0.0000e+00
0.0000e+00,0.0000e+00,0.0000e+00,0.0000e+00,0.0000e+00,0.0000e+00,0.0000e+00,0.0000e+00,0.0000e+00,0.0000e+00,0.0000e+00,0.0000e+00,0.0000e+00,0.0000e+00,0.0000e+00,0.0000e+00,0.0000e+00,0.0000e+00,0.0000e+00,0.0000e+00,7.8836e+02,0.0000e+00,0.0000e+00,0.0000e+00,0.0000e+00,0.0000e+00,0.0000e+00,0.0000e+00,0.0000e+00,0.0000e+00,0.0000e+00,0.0000e+00
0.0000e+00,0.0000e+00,0.0000e+00,0.0000e+00,0.0000e+00,0.0000e+00,0.0000e+00,0.0000e+00,0.0000e+00,0.0000e+00,0.0000e+00,0.0000e+00,0.0000e+00,0.0000e+00,0.0000e+00,0.0000e+00,0.0000e+00,0.0000e+00,0.0000e+00,0.0000e+00,7.4398e+02,0.0000e+00,0.0000e+00,0.0000e+00,0.0000e+00,0.0000e+00,0.0000e+00,0.0000e+00,0.0000e+00,0.0000e+00,0.0000e+00,0.0000e+00
0.0000e+00,0.0000e+00,0.0000e+00,0.0000e+00,0.0000e+00,0.0000e+00,0.0000e+00,0.0000e+00,0.0000e+00,0.0000e+00,0.0000e+00,0.0000e+00,0.0000e+00,0.0000e+00,0.0000e+00,0.0000e+00,0.0000e+00,0.0000e+00,0.0000e+00,0.0000e+00,9.0944e+02,0.0000e+00,0.0000e+00,0.0000e+00,0.0000e+00,0.0000e+00,0.0000e+00,0.0000e+00,0.0000e+00,0.0000e+00,0.0000e+00,0.0000e+00
0.0000e+00,0.0000e+00,0.0000e+00,0.0000e+00,0.0000e+00,0.0000e+00,0.0000e+00,0.0000e+00,0.0000e+00,0.0000e+00,0.0000e+00,0.0000e+00,0.0000e+00,0.0000e+00,0.0000e+00,0.0000e+00,0.0000e+00,0.0000e+00,0.0000e+00,0.0000e+00,9.7862e+02,0.0000e+00,0.0000e+00,0.0000e+00,0.0000e+00,0.0000e+00,0.0000e+00,0.0000e+00,0.0000e+00,0.0000e+00,0.0000e+00,0.0000e+00
0.0000e+00,0.0000e+00,0.0000e+00,0.0000e+00,0.0000e+00,0.0000e+00,0.0000e+00,0.0000e+00,0.0000e+00,0.0000e+00,0.0000e+00,0.0000e+00,0.0000e+00,0.0000e+00,0.0000e+00,0.0000e+00,0.0000e+00,0.0000e+00,0.0000e+00,0.0000e+00,1.0486e+03,0.0000e+00,0.0000e+00,0.0000e+00,0.0000e+00,0.0000e+00,0.0000e+00,0.0000e+00,0.0000e+00,0.0000e+00,0.0000e+00,0.0000e+00
0.0000e+00,0.0000e+00,0.0000e+00,0.0000e+00,0.0000e+00,0.0000e+00,0.0000e+00,0.0000e+00,0.0000e+00,0.0000e+00,0.0000e+00,0.0000e+00,0.0000e+00,0.0000e+00,0.0000e+00,0.0000e+00,0.0000e+00,0.0000e+00,0.0000e+00,0.0000e+00,9.2150e+02,0.0000e+00,0.0000e+00,0.0000e+00,0.0000e+00,0.0000e+00,0.0000e+00,0.0000e+00,0.0000e+00,0.0000e+00,0.0000e+00,0.0000e+00
0.0000e+00,0.0000e+00,0.0000e+00,0.0000e+00,0.0000e+00,0.0000e+00,0.0000e+00,0.0000e+00,0.0000e+00,0.0000e+00,0.0000e+00,0.0000e+00,0.0000e+00,0.0000e+00,0.0000e+00,0.0000e+00,0.0000e+00,0.0000e+00,0.0000e+00,0.0000e+00,9.6589e+02,0.0000e+00,0.0000e+00,0.0000e+00,0.0000e+00,0.0000e+00,0.0000e+00,0.0000e+00,0.0000e+00,0.0000e+00,0.0000e+00,0.0000e+00
0.0000e+00,0.0000e+00,0.0000e+00,0.0000e+00,0.0000e+00,0.0000e+00,0.0000e+00,0.0000e+00,0.0000e+00,0.0000e+00,0.0000e+00,0.0000e+00,0.0000e+00,0.0000e+00,0.0000e+00,0.0000e+00,0.0000e+00,0.0000e+00,0.0000e+00,0.0000e+00,8.7712e+02,0.0000e+00,0.0000e+00,0.0000e+00,0.0000e+00,0.0000e+00,0.0000e+00,0.0000e+00,0.0000e+00,0.0000e+00,0.0000e+00,0.0000e+00
0.0000e+00,0.0000e+00,0.0000e+00,0.0000e+00,0.0000e+00,0.0000e+00,0.0000e+00,0.0000e+00,0.0000e+00,0.0000e+00,0.0000e+00,0.0000e+00,0.0000e+00,0.0000e+00,0.0000e+00,0.0000e+00,0.0000e+00,0.0000e+00,0.0000e+00,0.0000e+00,8.5467e+02,0.0000e+00,0.0000e+00,0.0000e+00,0.0000e+00,0.0000e+00,0.0000e+00,0.0000e+00,0.0000e+00,0.0000e+00,0.0000e+00,0.0000e+00
0.0000e+00,0.0000e+00,0.0000e+00,0.0000e+00,0.0000e+00,0.0000e+00,0.0000e+00,0.0000e+00,0.0000e+00,0.0000e+00,0.0000e+00,0.0000e+00,0.0000e+00,0.0000e+00,0.0000e+00,0.0000e+00,0.0000e+00,0.0000e+00,0.0000e+00,0.0000e+00,7.4398e+02,0.0000e+00,0.0000e+00,0.0000e+00,0.0000e+00,0.0000e+00,0.0000e+00,0.0000e+00,0.0000e+00,0.0000e+00,0.0000e+00,0.0000e+00
0.0000e+00,0.0000e+00,0.0000e+00,0.0000e+00,0.0000e+00,0.0000e+00,0.0000e+00,0.0000e+00,0.0000e+00,0.0000e+00,0.0000e+00,0.0000e+00,0.0000e+00,0.0000e+00,0.0000e+00,0.0000e+00,0.0000e+00,0.0000e+00,0.0000e+00,0.0000e+00,5.6646e+02,0.0000e+00,0.0000e+00,0.0000e+00,0.0000e+00,0.0000e+00,0.0000e+00,0.0000e+00,0.0000e+00,0.0000e+00,0.0000e+00,0.0000e+00
0.0000e+00,0.0000e+00,0.0000e+00,0.0000e+00,0.0000e+00,0.0000e+00,0.0000e+00,0.0000e+00,0.0000e+00,0.0000e+00,0.0000e+00,0.0000e+00,0.0000e+00,0.0000e+00,0.0000e+00,0.0000e+00,0.0000e+00,0.0000e+00,0.0000e+00,0.0000e+00,0.0000e+00,0.0000e+00,0.0000e+00,0.0000e+00,0.0000e+00,0.0000e+00,0.0000e+00,0.0000e+00,0.0000e+00,0.0000e+00,0.0000e+00,0.0000e+00
0.0000e+00,0.0000e+00,0.0000e+00,0.0000e+00,0.0000e+00,0.0000e+00,0.0000e+00,0.0000e+00,0.0000e+00,0.0000e+00,0.0000e+00,0.0000e+00,0.0000e+00,0.0000e+00,0.0000e+00,0.0000e+00,0.0000e+00,0.0000e+00,0.0000e+00,0.0000e+00,4.5100e+01,0.0000e+00,0.0000e+00,0.0000e+00,0.0000e+00,0.0000e+00,0.0000e+00,0.0000e+00,0.0000e+00,0.0000e+00,0.0000e+00,0.0000e+00
0.0000e+00,0.0000e+00,0.0000e+00,0.0000e+00,0.0000e+00,0.0000e+00,0.0000e+00,0.0000e+00,0.0000e+00,0.0000e+00,0.0000e+00,0.0000e+00,0.0000e+00,0.0000e+00,0.0000e+00,0.0000e+00,0.0000e+00,0.0000e+00,0.0000e+00,0.0000e+00,2.3499e+02,0.0000e+00,0.0000e+00,0.0000e+00,0.0000e+00,0.0000e+00,0.0000e+00,0.0000e+00,0.0000e+00,0.0000e+00,0.0000e+00,0.0000e+00
0.0000e+00,0.0000e+00,0.0000e+00,0.0000e+00,0.0000e+00,0.0000e+00,0.0000e+00,0.0000e+00,0.0000e+00,0.0000e+00,0.0000e+00,0.0000e+00,0.0000e+00,0.0000e+00,0.0000e+00,0.0000e+00,0.0000e+00,0.0000e+00,0.0000e+00,0.0000e+00,3.0429e+02,0.0000e+00,0.0000e+00,0.0000e+00,0.0000e+00,0.0000e+00,0.0000e+00,0.0000e+00,0.0000e+00,0.0000e+00,0.0000e+00,0.0000e+00
0.0000e+00,0.0000e+00,0.0000e+00,0.0000e+00,0.0000e+00,0.0000e+00,0.0000e+00,0.0000e+00,0.0000e+00,0.0000e+00,0.0000e+00,0.0000e+00,0.0000e+00,0.0000e+00,0.0000e+00,0.0000e+00,0.0000e+00,0.0000e+00,0.0000e+00,0.0000e+00,5.8659e+01,0.0000e+00,0.0000e+00,0.0000e+00,0.0000e+00,0.0000e+00,0.0000e+00,0.0000e+00,0.0000e+00,0.0000e+00,0.0000e+00,0.0000e+00
0.0000e+00,0.0000e+00,0.0000e+00,0.0000e+00,0.0000e+00,0.0000e+00,0.0000e+00,0.0000e+00,0.0000e+00,0.0000e+00,0.0000e+00,0.0000e+00,0.0000e+00,0.0000e+00,0.0000e+00,0.0000e+00,0.0000e+00,0.0000e+00,0.0000e+00,0.0000e+00,9.9910e+01,0.0000e+00,0.0000e+00,0.0000e+00,0.0000e+00,0.0000e+00,0.0000e+00,0.0000e+00,0.0000e+00,0.0000e+00,0.0000e+00,0.0000e+00
0.0000e+00,0.0000e+00,0.0000e+00,0.0000e+00,0.0000e+00,0.0000e+00,0.0000e+00,0.0000e+00,0.0000e+00,0.0000e+00,0.0000e+00,0.0000e+00,0.0000e+00,0.0000e+00,0.0000e+00,0.0000e+00,0.0000e+00,0.0000e+00,0.0000e+00,0.0000e+00,2.2406e+02,0.0000e+00,0.0000e+00,0.0000e+00,0.0000e+00,0.0000e+00,0.0000e+00,0.0000e+00,0.0000e+00,0.0000e+00,0.0000e+00,0.0000e+00
0.0000e+00,0.0000e+00,0.0000e+00,0.0000e+00,0.0000e+00,0.0000e+00,0.0000e+00,0.0000e+00,0.0000e+00,0.0000e+00,0.0000e+00,0.0000e+00,0.0000e+00,0.0000e+00,0.0000e+00,0.0000e+00,0.0000e+00,0.0000e+00,0.0000e+00,0.0000e+00,2.2094e+02,0.0000e+00,0.0000e+00,0.0000e+00,0.0000e+00,0.0000e+00,0.0000e+00,0.0000e+00,0.0000e+00,0.0000e+00,0.0000e+00,0.0000e+00
0.0000e+00,0.0000e+00,0.0000e+00,0.0000e+00,0.0000e+00,0.0000e+00,0.0000e+00,0.0000e+00,0.0000e+00,0.0000e+00,0.0000e+00,0.0000e+00,0.0000e+00,0.0000e+00,0.0000e+00,0.0000e+00,0.0000e+00,0.0000e+00,0.0000e+00,0.0000e+00,2.2094e+02,0.0000e+00,0.0000e+00,0.0000e+00,0.0000e+00,0.0000e+00,0.0000e+00,0.0000e+00,0.0000e+00,0.0000e+00,0.0000e+00,0.0000e+00
0.0000e+00,0.0000e+00,0.0000e+00,0.0000e+00,0.0000e+00,0.0000e+00,0.0000e+00,0.0000e+00,0.0000e+00,0.0000e+00,0.0000e+00,0.0000e+00,0.0000e+00,0.0000e+00,0.0000e+00,0.0000e+00,0.0000e+00,0.0000e+00,0.0000e+00,0.0000e+00,2.0950e+02,0.0000e+00,0.0000e+00,0.0000e+00,0.0000e+00,0.0000e+00,0.0000e+00,0.0000e+00,0.0000e+00,0.0000e+00,0.0000e+00,0.0000e+00
0.0000e+00,0.0000e+00,0.0000e+00,0.0000e+00,0.0000e+00,0.0000e+00,0.0000e+00,0.0000e+00,0.0000e+00,0.0000e+00,0.0000e+00,0.0000e+00,0.0000e+00,0.0000e+00,0.0000e+00,0.0000e+00,0.0000e+00,0.0000e+00,0.0000e+00,0.0000e+00,3.6216e+02,0.0000e+00,0.0000e+00,0.0000e+00,0.0000e+00,0.0000e+00,0.0000e+00,0.0000e+00,0.0000e+00,0.0000e+00,0.0000e+00,0.0000e+00
0.0000e+00,0.0000e+00,0.0000e+00,0.0000e+00,0.0000e+00,0.0000e+00,0.0000e+00,0.0000e+00,0.0000e+00,0.0000e+00,0.0000e+00,0.0000e+00,0.0000e+00,0.0000e+00,0.0000e+00,0.0000e+00,0.0000e+00,0.0000e+00,0.0000e+00,0.0000e+00,4.9525e+01,0.0000e+00,0.0000e+00,0.0000e+00,0.0000e+00,0.0000e+00,0.0000e+00,0.0000e+00,0.0000e+00,0.0000e+00,0.0000e+00,0.0000e+00
0.0000e+00,0.0000e+00,0.0000e+00,0.0000e+00,0.0000e+00,0.0000e+00,0.0000e+00,0.0000e+00,0.0000e+00,0.0000e+00,0.0000e+00,0.0000e+00,0.0000e+00,0.0000e+00,0.0000e+00,0.0000e+00,0.0000e+00,0.0000e+00,0.0000e+00,0.0000e+00,0.0000e+00,0.0000e+00,0.0000e+00,0.0000e+00,0.0000e+00,0.0000e+00,0.0000e+00,0.0000e+00,0.0000e+00,0.0000e+00,0.0000e+00,0.0000e+00
0.0000e+00,0.0000e+00,0.0000e+00,0.0000e+00,0.0000e+00,0.0000e+00,0.0000e+00,0.0000e+00,0.0000e+00,0.0000e+00,0.0000e+00,0.0000e+00,0.0000e+00,0.0000e+00,0.0000e+00,0.0000e+00,0.0000e+00,0.0000e+00,0.0000e+00,0.0000e+00,0.0000e+00,0.0000e+00,0.0000e+00,0.0000e+00,0.0000e+00,0.0000e+00,0.0000e+00,0.0000e+00,0.0000e+00,0.0000e+00,0.0000e+00,0.0000e+00
0.0000e+00,0.0000e+00,0.0000e+00,0.0000e+00,0.0000e+00,0.0000e+00,0.0000e+00,0.0000e+00,0.0000e+00,0.0000e+00,0.0000e+00,0.0000e+00,0.0000e+00,0.0000e+00,0.0000e+00,0.0000e+00,0.0000e+00,0.0000e+00,0.0000e+00,0.0000e+00,0.0000e+00,0.0000e+00,0.0000e+00,0.0000e+00,0.0000e+00,0.0000e+00,0.0000e+00,0.0000e+00,0.0000e+00,0.0000e+00,0.0000e+00,0.0000e+00
0.0000e+00,0.0000e+00,0.0000e+00,0.0000e+00,0.0000e+00,0.0000e+00,0.0000e+00,0.0000e+00,0.0000e+00,0.0000e+00,0.0000e+00,0.0000e+00,0.0000e+00,0.0000e+00,0.0000e+00,0.0000e+00,0.0000e+00,0.0000e+00,0.0000e+00,0.0000e+00,0.0000e+00,0.0000e+00,0.0000e+00,0.0000e+00,0.0000e+00,0.0000e+00,0.0000e+00,0.0000e+00,0.0000e+00,0.0000e+00,0.0000e+00,0.0000e+00
0.0000e+00,0.0000e+00,0.0000e+00,0.0000e+00,0.0000e+00,0.0000e+00,0.0000e+00,0.0000e+00,0.0000e+00,0.0000e+00,0.0000e+00,0.0000e+00,0.0000e+00,0.0000e+00,0.0000e+00,0.0000e+00,0.0000e+00,0.0000e+00,0.0000e+00,0.0000e+00,0.0000e+00,0.0000e+00,0.0000e+00,0.0000e+00,0.0000e+00,0.0000e+00,0.0000e+00,0.0000e+00,0.0000e+00,0.0000e+00,0.0000e+00,0.0000e+00
0.0000e+00,0.0000e+00,0.0000e+00,0.0000e+00,0.0000e+00,0.0000e+00,0.0000e+00,0.0000e+00,0.0000e+00,0.0000e+00,0.0000e+00,0.0000e+00,0.0000e+00,0.0000e+00,0.0000e+00,0.0000e+00,0.0000e+00,0.0000e+00,0.0000e+00,0.0000e+00,0.0000e+00,0.0000e+00,0.0000e+00,0.0000e+00,0.0000e+00,0.0000e+00,0.0000e+00,0.0000e+00,0.0000e+00,0.0000e+00,0.0000e+00,0.0000e+00
0.0000e+00,0.0000e+00,0.0000e+00,0.0000e+00,0.0000e+00,0.0000e+00,0.0000e+00,0.0000e+00,0.0000e+00,0.0000e+00,0.0000e+00,0.0000e+00,0.0000e+00,0.0000e+00,0.0000e+00,0.0000e+00,0.0000e+00,0.0000e+00,0.0000e+00,0.0000e+00,0.0000e+00,0.0000e+00,0.0000e+00,0.0000e+00,0.0000e+00,0.0000e+00,0.0000e+00,0.0000e+00,0.0000e+00,0.0000e+00,0.0000e+00,0.0000e+00
0.0000e+00,0.0000e+00,0.0000e+00,0.0000e+00,0.0000e+00,0.0000e+00,0.0000e+00,0.0000e+00,0.0000e+00,0.0000e+00,0.0000e+00,0.0000e+00,0.0000e+00,0.0000e+00,0.0000e+00,0.0000e+00,0.0000e+00,0.0000e+00,0.0000e+00,0.0000e+00,0.0000e+00,0.0000e+00,0.0000e+00,0.0000e+00,0.0000e+00,0.0000e+00,0.0000e+00,0.0000e+00,0.0000e+00,0.0000e+00,0.0000e+00,0.0000e+00
0.0000e+00,0.0000e+00,0.0000e+00,0.0000e+00,0.0000e+00,0.0000e+00,0.0000e+00,0.0000e+00,0.0000e+00,0.0000e+00,0.0000e+00,0.0000e+00,0.0000e+00,0.0000e+00,0.0000e+00,0.0000e+00,0.0000e+00,0.0000e+00,0.0000e+00,0.0000e+00,0.0000e+00,0.0000e+00,0.0000e+00,0.0000e+00,0.0000e+00,0.0000e+00,0.0000e+00,0.0000e+00,0.0000e+00,0.0000e+00,0.0000e+00,0.0000e+00
0.0000e+00,0.0000e+00,0.0000e+00,0.0000e+00,0.0000e+00,0.0000e+00,0.0000e+00,0.0000e+00,0.0000e+00,0.0000e+00,0.0000e+00,0.0000e+00,0.0000e+00,0.0000e+00,0.0000e+00,0.0000e+00,0.0000e+00,0.0000e+00,0.0000e+00,0.0000e+00,2.1664e+02,0.0000e+00,0.0000e+00,0.0000e+00,0.0000e+00,0.0000e+00,0.0000e+00,0.0000e+00,0.0000e+00,0.0000e+00,0.0000e+00,0.0000e+00
0.0000e+00,0.0000e+00,0.0000e+00,0.0000e+00,0.0000e+00,0.0000e+00,0.0000e+00,0.0000e+00,0.0000e+00,0.0000e+00,0.0000e+00,0.0000e+00,0.0000e+00,0.0000e+00,0.0000e+00,0.0000e+00,0.0000e+00,0.0000e+00,0.0000e+00,0.0000e+00,3.0484e+02,0.0000e+00,0.0000e+00,0.0000e+00,0.0000e+00,0.0000e+00,0.0000e+00,0.0000e+00,0.0000e+00,0.0000e+00,0.0000e+00,0.0000e+00
0.0000e+00,0.0000e+00,0.0000e+00,0.0000e+00,0.0000e+00,0.0000e+00,0.0000e+00,0.0000e+00,0.0000e+00,0.0000e+00,0.0000e+00,0.0000e+00,0.0000e+00,0.0000e+00,0.0000e+00,0.0000e+00,0.0000e+00,0.0000e+00,0.0000e+00,0.0000e+00,2.3310e+02,0.0000e+00,0.0000e+00,0.0000e+00,0.0000e+00,0.0000e+00,0.0000e+00,0.0000e+00,0.0000e+00,0.0000e+00,0.0000e+00,0.0000e+00
0.0000e+00,0.0000e+00,0.0000e+00,0.0000e+00,0.0000e+00,0.0000e+00,0.0000e+00,0.0000e+00,0.0000e+00,0.0000e+00,0.0000e+00,0.0000e+00,0.0000e+00,0.0000e+00,0.0000e+00,0.0000e+00,0.0000e+00,0.0000e+00,0.0000e+00,0.0000e+00,0.0000e+00,0.0000e+00,0.0000e+00,0.0000e+00,0.0000e+00,0.0000e+00,0.0000e+00,0.0000e+00,0.0000e+00,0.0000e+00,0.0000e+00,0.0000e+00
0.0000e+00,0.0000e+00,0.0000e+00,0.0000e+00,0.0000e+00,0.0000e+00,0.0000e+00,0.0000e+00,0.0000e+00,0.0000e+00,0.0000e+00,0.0000e+00,0.0000e+00,0.0000e+00,0.0000e+00,0.0000e+00,0.0000e+00,0.0000e+00,0.0000e+00,0.0000e+00,0.0000e+00,0.0000e+00,0.0000e+00,0.0000e+00,0.0000e+00,0.0000e+00,0.0000e+00,0.0000e+00,0.0000e+00,0.0000e+00,0.0000e+00,0.0000e+00
0.0000e+00,0.0000e+00,0.0000e+00,0.0000e+00,0.0000e+00,0.0000e+00,0.0000e+00,0.0000e+00,0.0000e+00,0.0000e+00,0.0000e+00,0.0000e+00,0.0000e+00,0.0000e+00,0.0000e+00,0.0000e+00,0.0000e+00,0.0000e+00,0.0000e+00,0.0000e+00,1.7619e+02,0.0000e+00,0.0000e+00,0.0000e+00,0.0000e+00,0.0000e+00,0.0000e+00,0.0000e+00,0.0000e+00,0.0000e+00,0.0000e+00,0.0000e+00
0.0000e+00,0.0000e+00,0.0000e+00,0.0000e+00,0.0000e+00,0.0000e+00,0.0000e+00,0.0000e+00,0.0000e+00,0.0000e+00,0.0000e+00,0.0000e+00,0.0000e+00,0.0000e+00,0.0000e+00,0.0000e+00,0.0000e+00,0.0000e+00,0.0000e+00,0.0000e+00,2.3797e+02,0.0000e+00,0.0000e+00,0.0000e+00,0.0000e+00,0.0000e+00,0.0000e+00,0.0000e+00,0.0000e+00,0.0000e+00,0.0000e+00,0.0000e+00
0.0000e+00,0.0000e+00,0.0000e+00,0.0000e+00,0.0000e+00,0.0000e+00,0.0000e+00,0.0000e+00,0.0000e+00,0.0000e+00,0.0000e+00,0.0000e+00,0.0000e+00,0.0000e+00,0.0000e+00,0.0000e+00,0.0000e+00,0.0000e+00,0.0000e+00,0.0000e+00,2.3196e+02,0.0000e+00,0.0000e+00,0.0000e+00,0.0000e+00,0.0000e+00,0.0000e+00,0.0000e+00,0.0000e+00,0.0000e+00,0.0000e+00,0.0000e+00
0.0000e+00,0.0000e+00,0.0000e+00,0.0000e+00,0.0000e+00,0.0000e+00,0.0000e+00,0.0000e+00,0.0000e+00,0.0000e+00,0.0000e+00,0.0000e+00,0.0000e+00,0.0000e+00,0.0000e+00,0.0000e+00,0.0000e+00,0.0000e+00,0.0000e+00,0.0000e+00,2.3217e+02,0.0000e+00,0.0000e+00,0.0000e+00,0.0000e+00,0.0000e+00,0.0000e+00,0.0000e+00,0.0000e+00,0.0000e+00,0.0000e+00,0.0000e+00
0.0000e+00,0.0000e+00,0.0000e+00,0.0000e+00,0.0000e+00,0.0000e+00,0.0000e+00,0.0000e+00,0.0000e+00,0.0000e+00,0.0000e+00,0.0000e+00,0.0000e+00,0.0000e+00,0.0000e+00,0.0000e+00,0.0000e+00,0.0000e+00,0.0000e+00,0.0000e+00,4.3888e+01,0.0000e+00,0.0000e+00,0.0000e+00,0.0000e+00,0.0000e+00,0.0000e+00,0.0000e+00,0.0000e+00,0.0000e+00,0.0000e+00,0.0000e+00
0.0000e+00,0.0000e+00,0.0000e+00,0.0000e+00,0.0000e+00,0.0000e+00,0.0000e+00,0.0000e+00,0.0000e+00,0.0000e+00,0.0000e+00,0.0000e+00,0.0000e+00,0.0000e+00,0.0000e+00,0.0000e+00,0.0000e+00,0.0000e+00,0.0000e+00,0.0000e+00,4.3204e+01,0.0000e+00,0.0000e+00,0.0000e+00,0.0000e+00,0.0000e+00,0.0000e+00,0.0000e+00,0.0000e+00,0.0000e+00,0.0000e+00,0.0000e+00
0.0000e+00,0.0000e+00,0.0000e+00,0.0000e+00,0.0000e+00,0.0000e+00,0.0000e+00,0.0000e+00,0.0000e+00,0.0000e+00,0.0000e+00,0.0000e+00,0.0000e+00,0.0000e+00,0.0000e+00,0.0000e+00,0.0000e+00,0.0000e+00,0.0000e+00,0.0000e+00,4.3204e+01,0.0000e+00,0.0000e+00,0.0000e+00,0.0000e+00,0.0000e+00,0.0000e+00,0.0000e+00,0.0000e+00,0.0000e+00,0.0000e+00,0.0000e+00
0.0000e+00,0.0000e+00,0.0000e+00,0.0000e+00,0.0000e+00,0.0000e+00,0.0000e+00,0.0000e+00,0.0000e+00,0.0000e+00,0.0000e+00,0.0000e+00,0.0000e+00,0.0000e+00,0.0000e+00,0.0000e+00,0.0000e+00,0.0000e+00,0.0000e+00,0.0000e+00,3.5864e+01,0.0000e+00,0.0000e+00,0.0000e+00,0.0000e+00,0.0000e+00,0.0000e+00,0.0000e+00,0.0000e+00,0.0000e+00,0.0000e+00,0.0000e+00
0.0000e+00,0.0000e+00,0.0000e+00,0.0000e+00,0.0000e+00,0.0000e+00,0.0000e+00,0.0000e+00,0.0000e+00,0.0000e+00,0.0000e+00,0.0000e+00,0.0000e+00,0.0000e+00,0.0000e+00,0.0000e+00,0.0000e+00,0.0000e+00,0.0000e+00,0.0000e+00,1.3990e+02,0.0000e+00,0.0000e+00,0.0000e+00,0.0000e+00,0.0000e+00,0.0000e+00,0.0000e+00,0.0000e+00,0.0000e+00,0.0000e+00,0.0000e+00
0.0000e+00,0.0000e+00,0.0000e+00,0.0000e+00,0.0000e+00,0.0000e+00,0.0000e+00,0.0000e+00,0.0000e+00,0.0000e+00,0.0000e+00,0.0000e+00,0.0000e+00,0.0000e+00,0.0000e+00,0.0000e+00,0.0000e+00,0.0000e+00,0.0000e+00,0.0000e+00,0.0000e+00,0.0000e+00,0.0000e+00,0.0000e+00,0.0000e+00,0.0000e+00,0.0000e+00,0.0000e+00,0.0000e+00,0.0000e+00,0.0000e+00,0.0000e+00
0.0000e+00,0.0000e+00,0.0000e+00,0.0000e+00,0.0000e+00,0.0000e+00,0.0000e+00,0.0000e+00,0.0000e+00,0.0000e+00,0.0000e+00,0.0000e+00,0.0000e+00,0.0000e+00,0.0000e+00,0.0000e+00,0.0000e+00,0.0000e+00,0.0000e+00,0.0000e+00,0.0000e+00,0.0000e+00,0.0000e+00,0.0000e+00,0.0000e+00,0.0000e+00,0.0000e+00,0.0000e+00,0.0000e+00,0.0000e+00,0.0000e+00,0.0000e+00
0.0000e+00,0.0000e+00,0.0000e+00,0.0000e+00,0.0000e+00,0.0000e+00,0.0000e+00,0.0000e+00,0.0000e+00,0.0000e+00,0.0000e+00,0.0000e+00,0.0000e+00,0.0000e+00,0.0000e+00,0.0000e+00,0.0000e+00,0.0000e+00,0.0000e+00,0.0000e+00,0.0000e+00,0.0000e+00,0.0000e+00,0.0000e+00,0.0000e+00,0.0000e+00,0.0000e+00,0.0000e+00,0.0000e+00,0.0000e+00,0.0000e+00,0.0000e+00
0.0000e+00,0.0000e+00,0.0000e+00,0.0000e+00,0.0000e+00,0.0000e+00,0.0000e+00,0.0000e+00,0.0000e+00,0.0000e+00,0.0000e+00,0.0000e+00,0.0000e+00,0.0000e+00,0.0000e+00,0.0000e+00,0.0000e+00,0.0000e+00,0.0000e+00,0.0000e+00,0.0000e+00,0.0000e+00,0.0000e+00,0.0000e+00,0.0000e+00,0.0000e+00,0.0000e+00,0.0000e+00,0.0000e+00,0.0000e+00,0.0000e+00,0.0000e+00
0.0000e+00,0.0000e+00,0.0000e+00,0.0000e+00,0.0000e+00,0.0000e+00,0.0000e+00,0.0000e+00,0.0000e+00,0.0000e+00,0.0000e+00,0.0000e+00,0.0000e+00,0.0000e+00,0.0000e+00,0.0000e+00,0.0000e+00,0.0000e+00,0.0000e+00,0.0000e+00,0.0000e+00,0.0000e+00,0.0000e+00,0.0000e+00,0.0000e+00,0.0000e+00,0.0000e+00,0.0000e+00,0.0000e+00,0.0000e+00,0.0000e+00,0.0000e+00
0.0000e+00,0.0000e+00,0.0000e+00,0.0000e+00,0.0000e+00,0.0000e+00,0.0000e+00,0.0000e+00,0.0000e+00,0.0000e+00,0.0000e+00,0.0000e+00,0.0000e+00,0.0000e+00,0.0000e+00,0.0000e+00,0.0000e+00,0.0000e+00,0.0000e+00,0.0000e+00,0.0000e+00,0.0000e+00,0.0000e+00,0.0000e+00,0.0000e+00,0.0000e+00,0.0000e+00,0.0000e+00,0.0000e+00,0.0000e+00,0.0000e+00,0.0000e+00
0.0000e+00,0.0000e+00,0.0000e+00,0.0000e+00,0.0000e+00,0.0000e+00,0.0000e+00,0.0000e+00,0.0000e+00,0.0000e+00,0.0000e+00,0.0000e+00,0.0000e+00,0.0000e+00,0.0000e+00,0.0000e+00,0.0000e+00,0.0000e+00,0.0000e+00,0.0000e+00,0.0000e+00,0.0000e+00,0.0000e+00,0.0000e+00,0.0000e+00,0.0000e+00,0.0000e+00,0.0000e+00,0.0000e+00,0.0000e+00,0.0000e+00,0.0000e+00
0.0000e+00,0.0000e+00,0.0000e+00,0.0000e+00,0.0000e+00,0.0000e+00,0.0000e+00,0.0000e+00,0.0000e+00,0.0000e+00,0.0000e+00,0.0000e+00,0.0000e+00,0.0000e+00,0.0000e+00,0.0000e+00,0.0000e+00,0.0000e+00,0.0000e+00,0.0000e+00,0.0000e+00,0.0000e+00,0.0000e+00,0.0000e+00,0.0000e+00,0.0000e+00,0.0000e+00,0.0000e+00,0.0000e+00,0.0000e+00,0.0000e+00,0.0000e+00
0.0000e+00,0.0000e+00,0.0000e+00,0.0000e+00,0.0000e+00,0.0000e+00,0.0000e+00,0.0000e+00,0.0000e+00,0.0000e+00,0.0000e+00,0.0000e+00,0.0000e+00,0.0000e+00,0.0000e+00,0.0000e+00,0.0000e+00,0.0000e+00,0.0000e+00,0.0000e+00,0.0000e+00,0.0000e+00,0.0000e+00,0.0000e+00,0.0000e+00,0.0000e+00,0.0000e+00,0.0000e+00,0.0000e+00,0.0000e+00,0.0000e+00,0.0000e+00
0.0000e+00,0.0000e+00,0.0000e+00,0.0000e+00,0.0000e+00,0.0000e+00,0.0000e+00,0.0000e+00,0.0000e+00,0.0000e+00,0.0000e+00,0.0000e+00,0.0000e+00,0.0000e+00,0.0000e+00,0.0000e+00,0.0000e+00,0.0000e+00,0.0000e+00,0.0000e+00,0.0000e+00,0.0000e+00,0.0000e+00,0.0000e+00,0.0000e+00,0.0000e+00,0.0000e+00,0.0000e+00,0.0000e+00,0.0000e+00,0.0000e+00,0.0000e+00
0.0000e+00,0.0000e+00,0.0000e+00,0.0000e+00,0.0000e+00,0.0000e+00,0.0000e+00,0.0000e+00,0.0000e+00,0.0000e+00,0.0000e+00,0.0000e+00,0.0000e+00,0.0000e+00,0.0000e+00,0.0000e+00,0.0000e+00,0.0000e+00,0.0000e+00,0.0000e+00,0.0000e+00,0.0000e+00,0.0000e+00,0.0000e+00,0.0000e+00,0.0000e+00,0.0000e+00,0.0000e+00,0.0000e+00,0.0000e+00,0.0000e+00,0.0000e+00
0.0000e+00,0.0000e+00,0.0000e+00,0.0000e+00,0.0000e+00,0.0000e+00,0.0000e+00,0.0000e+00,0.0000e+00,0.0000e+00,0.0000e+00,0.0000e+00,0.0000e+00,0.0000e+00,0.0000e+00,0.0000e+00,0.0000e+00,0.0000e+00,0.0000e+00,0.0000e+00,1.1902e+02,0.0000e+00,0.0000e+00,0.0000e+00,0.0000e+00,0.0000e+00,0.0000e+00,0.0000e+00,0.0000e+00,0.0000e+00,0.0000e+00,0.0000e+00
0.0000e+00,0.0000e+00,0.0000e+00,0.0000e+00,0.0000e+00,0.0000e+00,0.0000e+00,0.0000e+00,0.0000e+00,0.0000e+00,0.0000e+00,0.0000e+00,0.0000e+00,0.0000e+00,0.0000e+00,0.0000e+00,0.0000e+00,0.0000e+00,0.0000e+00,0.0000e+00,0.0000e+00,0.0000e+00,0.0000e+00,0.0000e+00,0.0000e+00,0.0000e+00,0.0000e+00,0.0000e+00,0.0000e+00,0.0000e+00,0.0000e+00,0.0000e+00
0.0000e+00,0.0000e+00,0.0000e+00,0.0000e+00,0.0000e+00,0.0000e+00,0.0000e+00,0.0000e+00,0.0000e+00,0.0000e+00,0.0000e+00,0.0000e+00,0.0000e+00,0.0000e+00,0.0000e+00,0.0000e+00,0.0000e+00,0.0000e+00,0.0000e+00,0.0000e+00,0.0000e+00,0.0000e+00,0.0000e+00,0.0000e+00,0.0000e+00,0.0000e+00,0.0000e+00,0.0000e+00,0.0000e+00,0.0000e+00,0.0000e+00,0.0000e+00
0.0000e+00,0.0000e+00,0.0000e+00,0.0000e+00,0.0000e+00,0.0000e+00,0.0000e+00,0.0000e+00,0.0000e+00,0.0000e+00,0.0000e+00,0.0000e+00,0.0000e+00,0.0000e+00,0.0000e+00,0.0000e+00,0.0000e+00,0.0000e+00,0.0000e+00,0.0000e+00,0.0000e+00,0.0000e+00,0.0000e+00,0.0000e+00,0.0000e+00,0.0000e+00,0.0000e+00,0.0000e+00,0.0000e+00,0.0000e+00,0.0000e+00,0.0000e+00
0.0000e+00,0.0000e+00,0.0000e+00,0.0000e+00,0.0000e+00,0.0000e+00,0.0000e+00,0.0000e+00,0.0000e+00,0.0000e+00,0.0000e+00,0.0000e+00,0.0000e+00,0.0000e+00,0.0000e+00,0.0000e+00,0.0000e+00,0.0000e+00,0.0000e+00,0.0000e+00,0.0000e+00,0.0000e+00,0.0000e+00,0.0000e+00,0.0000e+00,0.0000e+00,0.0000e+00,0.0000e+00,0.0000e+00,0.0000e+00,0.0000e+00,0.0000e+00
0.0000e+00,0.0000e+00,0.0000e+00,0.0000e+00,0.0000e+00,0.0000e+00,0.0000e+00,0.0000e+00,0.0000e+00,0.0000e+00,0.0000e+00,0.0000e+00,0.0000e+00,0.0000e+00,0.0000e+00,0.0000e+00,0.0000e+00,0.0000e+00,0.0000e+00,0.0000e+00,4.5975e+01,0.0000e+00,0.0000e+00,0.0000e+00,0.0000e+00,0.0000e+00,0.0000e+00,0.0000e+00,0.0000e+00,0.0000e+00,0.0000e+00,0.0000e+00
0.0000e+00,0.0000e+00,0.0000e+00,0.0000e+00,0.0000e+00,0.0000e+00,0.0000e+00,0.0000e+00,0.0000e+00,0.0000e+00,0.0000e+00,0.0000e+00,0.0000e+00,0.0000e+00,0.0000e+00,0.0000e+00,0.0000e+00,0.0000e+00,0.0000e+00,0.0000e+00,4.6590e+01,0.0000e+00,0.0000e+00,0.0000e+00,0.0000e+00,0.0000e+00,0.0000e+00,0.0000e+00,0.0000e+00,0.0000e+00,0.0000e+00,0.0000e+00
0.0000e+00,0.0000e+00,0.0000e+00,0.0000e+00,0.0000e+00,0.0000e+00,0.0000e+00,0.0000e+00,0.0000e+00,0.0000e+00,0.0000e+00,0.0000e+00,0.0000e+00,0.0000e+00,0.0000e+00,0.0000e+00,0.0000e+00,0.0000e+00,0.0000e+00,0.0000e+00,4.8569e+01,0.0000e+00,0.0000e+00,0.0000e+00,0.0000e+00,0.0000e+00,0.0000e+00,0.0000e+00,0.0000e+00,0.0000e+00,0.0000e+00,0.0000e+00
0.0000e+00,0.0000e+00,0.0000e+00,0.0000e+00,0.0000e+00,0.0000e+00,0.0000e+00,0.0000e+00,0.0000e+00,0.0000e+00,0.0000e+00,0.0000e+00,0.0000e+00,0.0000e+00,0.0000e+00,0.0000e+00,0.0000e+00,0.0000e+00,0.0000e+00,0.0000e+00,0.0000e+00,0.0000e+00,0.0000e+00,0.0000e+00,0.0000e+00,0.0000e+00,0.0000e+00,0.0000e+00,0.0000e+00,0.0000e+00,0.0000e+00,0.0000e+00
0.0000e+00,0.0000e+00,0.0000e+00,0.0000e+00,0.0000e+00,0.0000e+00,0.0000e+00,0.0000e+00,0.0000e+00,0.0000e+00,0.0000e+00,0.0000e+00,0.0000e+00,0.0000e+00,0.0000e+00,0.0000e+00,0.0000e+00,0.0000e+00,0.0000e+00,0.0000e+00,0.0000e+00,0.0000e+00,0.0000e+00,0.0000e+00,0.0000e+00,0.0000e+00,0.0000e+00,0.0000e+00,0.0000e+00,0.0000e+00,0.0000e+00,0.0000e+00
0.0000e+00,0.0000e+00,0.0000e+00,0.0000e+00,0.0000e+00,0.0000e+00,0.0000e+00,0.0000e+00,0.0000e+00,0.0000e+00,0.0000e+00,0.0000e+00,0.0000e+00,0.0000e+00,0.0000e+00,0.0000e+00,0.0000e+00,0.0000e+00,0.0000e+00,0.0000e+00,0.0000e+00,0.0000e+00,0.0000e+00,0.0000e+00,0.0000e+00,0.0000e+00,0.0000e+00,0.0000e+00,0.0000e+00,0.0000e+00,0.0000e+00,0.0000e+00
0.0000e+00,0.0000e+00,0.0000e+00,0.0000e+00,0.0000e+00,0.0000e+00,0.0000e+00,0.0000e+00,0.0000e+00,0.0000e+00,0.0000e+00,0.0000e+00,0.0000e+00,0.0000e+00,0.0000e+00,0.0000e+00,0.0000e+00,0.0000e+00,0.0000e+00,0.0000e+00,0.0000e+00,0.0000e+00,0.0000e+00,0.0000e+00,0.0000e+00,0.0000e+00,0.0000e+00,0.0000e+00,0.0000e+00,0.0000e+00,0.0000e+00,0.0000e+00
0.0000e+00,0.0000e+00,0.0000e+00,0.0000e+00,0.0000e+00,0.0000e+00,0.0000e+00,0.0000e+00,0.0000e+00,0.0000e+00,0.0000e+00,0.0000e+00,0.0000e+00,0.0000e+00,0.0000e+00,0.0000e+00,0.0000e+00,0.0000e+00,0.0000e+00,0.0000e+00,0.0000e+00,0.0000e+00,0.0000e+00,0.0000e+00,0.0000e+00,0.0000e+00,0.0000e+00,0.0000e+00,0.0000e+00,0.0000e+00,0.0000e+00,0.0000e+00
0.0000e+00,0.0000e+00,0.0000e+00,0.0000e+00,0.0000e+00,0.0000e+00,0.0000e+00,0.0000e+00,0.0000e+00,0.0000e+00,0.0000e+00,0.0000e+00,0.0000e+00,0.0000e+00,0.0000e+00,0.0000e+00,0.0000e+00,0.0000e+00,0.0000e+00,0.0000e+00,0.0000e+00,0.0000e+00,0.0000e+00,0.0000e+00,0.0000e+00,0.0000e+00,0.0000e+00,0.0000e+00,0.0000e+00,0.0000e+00,0.0000e+00,0.0000e+00
0.0000e+00,0.0000e+00,0.0000e+00,0.0000e+00,0.0000e+00,0.0000e+00,0.0000e+00,0.0000e+00,0.0000e+00,0.0000e+00,0.0000e+00,0.0000e+00,0.0000e+00,0.0000e+00,0.0000e+00,0.0000e+00,0.0000e+00,0.0000e+00,0.0000e+00,0.0000e+00,0.0000e+00,0.0000e+00,0.0000e+00,0.0000e+00,0.0000e+00,0.0000e+00,0.0000e+00,0.0000e+00,0.0000e+00,0.0000e+00,0.0000e+00,0.0000e+00
0.0000e+00,0.0000e+00,0.0000e+00,0.0000e+00,0.0000e+00,0.0000e+00,0.0000e+00,0.0000e+00,0.0000e+00,0.0000e+00,0.0000e+00,0.0000e+00,0.0000e+00,0.0000e+00,0.0000e+00,0.0000e+00,0.0000e+00,0.0000e+00,0.0000e+00,0.0000e+00,0.0000e+00,0.0000e+00,0.0000e+00,0.0000e+00,0.0000e+00,0.0000e+00,0.0000e+00,0.0000e+00,0.0000e+00,0.0000e+00,0.0000e+00,0.0000e+00
0.0000e+00,0.0000e+00,0.0000e+00,0.0000e+00,0.0000e+00,0.0000e+00,0.0000e+00,0.0000e+00,0.0000e+00,0.0000e+00,0.0000e+00,0.0000e+00,0.0000e+00,0.0000e+00,0.0000e+00,0.0000e+00,0.0000e+00,0.0000e+00,0.0000e+00,0.0000e+00,3.6718e+02,0.0000e+00,0.0000e+00,0.0000e+00,0.0000e+00,0.0000e+00,0.0000e+00,0.0000e+00,0.0000e+00,0.0000e+00,0.0000e+00,0.0000e+00
0.0000e+00,0.0000e+00,0.0000e+00,0.0000e+00,0.0000e+00,0.0000e+00,0.0000e+00,0.0000e+00,0.0000e+00,0.0000e+00,0.0000e+00,0.0000e+00,0.0000e+00,0.0000e+00,0.0000e+00,0.0000e+00,0.0000e+00,0.0000e+00,0.0000e+00,0.0000e+00,6.5962e+02,0.0000e+00,0.0000e+00,0.0000e+00,0.0000e+00,0.0000e+00,0.0000e+00,0.0000e+00,0.0000e+00,0.0000e+00,0.0000e+00,0.0000e+00
0.0000e+00,0.0000e+00,0.0000e+00,0.0000e+00,0.0000e+00,0.0000e+00,0.0000e+00,0.0000e+00,0.0000e+00,0.0000e+00,0.0000e+00,0.0000e+00,0.0000e+00,0.0000e+00,0.0000e+00,0.0000e+00,0.0000e+00,0.0000e+00,0.0000e+00,0.0000e+00,0.0000e+00,0.0000e+00,0.0000e+00,0.0000e+00,0.0000e+00,0.0000e+00,0.0000e+00,0.0000e+00,0.0000e+00,0.0000e+00,0.0000e+00,0.0000e+00
0.0000e+00,0.0000e+00,0.0000e+00,0.0000e+00,0.0000e+00,0.0000e+00,0.0000e+00,0.0000e+00,0.0000e+00,0.0000e+00,0.0000e+00,0.0000e+00,0.0000e+00,0.0000e+00,0.0000e+00,0.0000e+00,0.0000e+00,0.0000e+00,0.0000e+00,0.0000e+00,1.6145e+02,0.0000e+00,0.0000e+00,0.0000e+00,0.0000e+00,0.0000e+00,0.0000e+00,0.0000e+00,0.0000e+00,0.0000e+00,0.0000e+00,0.0000e+00
0.0000e+00,0.0000e+00,0.0000e+00,0.0000e+00,0.0000e+00,0.0000e+00,0.0000e+00,0.0000e+00,0.0000e+00,0.0000e+00,0.0000e+00,0.0000e+00,0.0000e+00,0.0000e+00,0.0000e+00,0.0000e+00,0.0000e+00,0.0000e+00,0.0000e+00,0.0000e+00,4.4903e+02,0.0000e+00,0.0000e+00,0.0000e+00,0.0000e+00,0.0000e+00,0.0000e+00,0.0000e+00,0.0000e+00,0.0000e+00,0.0000e+00,0.0000e+00
0.0000e+00,0.0000e+00,0.0000e+00,0.0000e+00,0.0000e+00,0.0000e+00,0.0000e+00,0.0000e+00,0.0000e+00,0.0000e+00,0.0000e+00,0.0000e+00,0.0000e+00,0.0000e+00,0.0000e+00,0.0000e+00,0.0000e+00,0.0000e+00,0.0000e+00,0.0000e+00,2.8878e+01,0.0000e+00,0.0000e+00,0.0000e+00,0.0000e+00,0.0000e+00,0.0000e+00,0.0000e+00,0.0000e+00,0.0000e+00,0.0000e+00,0.0000e+00
0.0000e+00,0.0000e+00,0.0000e+00,0.0000e+00,0.0000e+00,0.0000e+00,0.0000e+00,0.0000e+00,0.0000e+00,0.0000e+00,0.0000e+00,0.0000e+00,0.0000e+00,0.0000e+00,0.0000e+00,0.0000e+00,0.0000e+00,0.0000e+00,0.0000e+00,0.0000e+00,0.0000e+00,0.0000e+00,0.0000e+00,0.0000e+00,0.0000e+00,0.0000e+00,0.0000e+00,0.0000e+00,0.0000e+00,0.0000e+00,0.0000e+00,0.0000e+00
0.0000e+00,0.0000e+00,0.0000e+00,0.0000e+00,0.0000e+00,0.0000e+00,0.0000e+00,0.0000e+00,0.0000e+00,0.0000e+00,0.0000e+00,0.0000e+00,0.0000e+00,0.0000e+00,0.0000e+00,0.0000e+00,0.0000e+00,0.0000e+00,0.0000e+00,0.0000e+00,0.0000e+00,0.0000e+00,0.0000e+00,0.0000e+00,0.0000e+00,0.0000e+00,0.0000e+00,0.0000e+00,0.0000e+00,0.0000e+00,0.0000e+00,0.0000e+00
0.0000e+00,0.0000e+00,0.0000e+00,0.0000e+00,0.0000e+00,0.0000e+00,0.0000e+00,0.0000e+00,0.0000e+00,0.0000e+00,0.0000e+00,0.0000e+00,0.0000e+00,0.0000e+00,0.0000e+00,0.0000e+00,0.0000e+00,0.0000e+00,0.0000e+00,0.0000e+00,0.0000e+00,0.0000e+00,0.0000e+00,0.0000e+00,0.0000e+00,0.0000e+00,0.0000e+00,0.0000e+00,0.0000e+00,0.0000e+00,0.0000e+00,0.0000e+00
0.0000e+00,0.0000e+00,0.0000e+00,0.0000e+00,0.0000e+00,0.0000e+00,0.0000e+00,0.0000e+00,0.0000e+00,0.0000e+00,0.0000e+00,0.0000e+00,0.0000e+00,0.0000e+00,0.0000e+00,0.0000e+00,0.0000e+00,0.0000e+00,0.0000e+00,0.0000e+00,0.0000e+00,0.0000e+00,0.0000e+00,0.0000e+00,0.0000e+00,0.0000e+00,0.0000e+00,0.0000e+00,0.0000e+00,0.0000e+00,0.0000e+00,0.0000e+00
0.0000e+00,0.0000e+00,0.0000e+00,0.0000e+00,0.0000e+00,0.0000e+00,0.0000e+00,0.0000e+00,0.0000e+00,0.0000e+00,0.0000e+00,0.0000e+00,0.0000e+00,0.0000e+00,0.0000e+00,0.0000e+00,0.0000e+00,0.0000e+00,0.0000e+00,0.0000e+00,0.0000e+00,0.0000e+00,0.0000e+00,0.0000e+00,0.0000e+00,0.0000e+00,0.0000e+00,0.0000e+00,0.0000e+00,0.0000e+00,0.0000e+00,0.0000e+00
0.0000e+00,0.0000e+00,0.0000e+00,0.0000e+00,0.0000e+00,0.0000e+00,0.0000e+00,0.0000e+00,0.0000e+00,0.0000e+00,0.0000e+00,0.0000e+00,0.0000e+00,0.0000e+00,0.0000e+00,0.0000e+00,0.0000e+00,0.0000e+00,0.0000e+00,0.0000e+00,0.0000e+00,0.0000e+00,0.0000e+00,0.0000e+00,0.0000e+00,0.0000e+00,0.0000e+00,0.0000e+00,0.0000e+00,0.0000e+00,0.0000e+00,0.0000e+00
0.0000e+00,0.0000e+00,0.0000e+00,0.0000e+00,0.0000e+00,0.0000e+00,0.0000e+00,0.0000e+00,0.0000e+00,0.0000e+00,0.0000e+00,0.0000e+00,0.0000e+00,0.0000e+00,0.0000e+00,0.0000e+00,0.0000e+00,0.0000e+00,0.0000e+00,0.0000e+00,0.0000e+00,0.0000e+00,0.0000e+00,0.0000e+00,0.0000e+00,0.0000e+00,0.0000e+00,0.0000e+00,0.0000e+00,0.0000e+00,0.0000e+00,0.0000e+00
0.0000e+00,0.0000e+00,0.0000e+00,0.0000e+00,0.0000e+00,0.0000e+00,0.0000e+00,0.0000e+00,0.0000e+00,0.0000e+00,0.0000e+00,0.0000e+00,0.0000e+00,0.0000e+00,0.0000e+00,0.0000e+00,0.0000e+00,0.0000e+00,0.0000e+00,0.0000e+00,0.0000e+00,0.0000e+00,0.0000e+00,0.0000e+00,0.0000e+00,0.0000e+00,0.0000e+00,0.0000e+00,0.0000e+00,0.0000e+00,0.0000e+00,0.0000e+00
0.0000e+00,0.0000e+00,0.0000e+00,0.0000e+00,0.0000e+00,0.0000e+00,0.0000e+00,0.0000e+00,0.0000e+00,0.0000e+00,0.0000e+00,0.0000e+00,0.0000e+00,0.0000e+00,0.0000e+00,0.0000e+00,0.0000e+00,0.0000e+00,0.0000e+00,0.0000e+00,0.0000e+00,0.0000e+00,0.0000e+00,0.0000e+00,0.0000e+00,0.0000e+00,0.0000e+00,0.0000e+00,0.0000e+00,0.0000e+00,0.0000e+00,0.0000e+00
0.0000e+00,0.0000e+00,0.0000e+00,0.0000e+00,0.0000e+00,0.0000e+00,0.0000e+00,0.0000e+00,0.0000e+00,0.0000e+00,0.0000e+00,0.0000e+00,0.0000e+00,0.0000e+00,0.0000e+00,0.0000e+00,0.0000e+00,0.0000e+00,0.0000e+00,0.0000e+00,0.0000e+00,0.0000e+00,0.0000e+00,0.0000e+00,0.0000e+00,0.0000e+00,0.0000e+00,0.0000e+00,0.0000e+00,0.0000e+00,0.0000e+00,0.0000e+00
0.0000e+00,0.0000e+00,0.0000e+00,0.0000e+00,0.0000e+00,0.0000e+00,0.0000e+00,0.0000e+00,0.0000e+00,0.0000e+00,0.0000e+00,0.0000e+00,0.0000e+00,0.0000e+00,0.0000e+00,0.0000e+00,0.0000e+00,0.0000e+00,0.0000e+00,0.0000e+00,0.0000e+00,0.0000e+00,0.0000e+00,0.0000e+00,0.0000e+00,0.0000e+00,0.0000e+00,0.0000e+00,0.0000e+00,0.0000e+00,0.0000e+00,0.0000e+00
0.0000e+00,0.0000e+00,0.0000e+00,0.0000e+00,0.0000e+00,0.0000e+00,0.0000e+00,0.0000e+00,0.0000e+00,0.0000e+00,0.0000e+00,0.0000e+00,0.0000e+00,0.0000e+00,0.0000e+00,0.0000e+00,0.0000e+00,0.0000e+00,0.0000e+00,0.0000e+00,0.0000e+00,0.0000e+00,0.0000e+00,0.0000e+00,0.0000e+00,0.0000e+00,0.0000e+00,0.0000e+00,0.0000e+00,0.0000e+00,0.0000e+00,0.0000e+00
0.0000e+00,0.0000e+00,0.0000e+00,0.0000e+00,0.0000e+00,0.0000e+00,0.0000e+00,0.0000e+00,0.0000e+00,0.0000e+00,0.0000e+00,0.0000e+00,0.0000e+00,0.0000e+00,0.0000e+00,0.0000e+00,0.0000e+00,0.0000e+00,0.0000e+00,0.0000e+00,0.0000e+00,0.0000e+00,0.0000e+00,0.0000e+00,0.0000e+00,0.0000e+00,0.0000e+00,0.0000e+00,0.0000e+00,0.0000e+00,0.0000e+00,0.0000e+00
0.0000e+00,0.0000e+00,0.0000e+00,0.0000e+00,0.0000e+00,0.0000e+00,0.0000e+00,0.0000e+00,0.0000e+00,0.0000e+00,0.0000e+00,0.0000e+00,0.0000e+00,0.0000e+00,0.0000e+00,0.0000e+00,0.0000e+00,0.0000e+00,0.0000e+00,0.0000e+00,0.0000e+00,0.0000e+00,0.0000e+00,0.0000e+00,0.0000e+00,0.0000e+00,0.0000e+00,0.0000e+00,0.0000e+00,0.0000e+00,0.0000e+00,0.0000e+00
0.0000e+00,0.0000e+00,0.0000e+00,0.0000e+00,0.0000e+00,0.0000e+00,0.0000e+00,0.0000e+00,0.0000e+00,0.0000e+00,0.0000e+00,0.0000e+00,0.0000e+00,0.0000e+00,0.0000e+00,0.0000e+00,0.0000e+00,0.0000e+00,0.0000e+00,0.0000e+00,0.0000e+00,0.0000e+00,0.0000e+00,0.0000e+00,0.0000e+00,0.0000e+00,0.0000e+00,0.0000e+00,0.0000e+00,0.0000e+00,0.0000e+00,0.0000e+00
0.0000e+00,0.0000e+00,0.0000e+00,0.0000e+00,0.0000e+00,0.0000e+00,0.0000e+00,0.0000e+00,0.0000e+00,0.0000e+00,0.0000e+00,0.0000e+00,0.0000e+00,0.0000e+00,0.0000e+00,0.0000e+00,0.0000e+00,0.0000e+00,0.0000e+00,0.0000e+00,0.0000e+00,0.0000e+00,0.0000e+00,0.0000e+00,0.0000e+00,0.0000e+00,0.0000e+00,0.0000e+00,0.0000e+00,0.0000e+00,0.0000e+00,0.0000e+00
0.0000e+00,0.0000e+00,0.0000e+00,0.0000e+00,0.0000e+00,0.0000e+00,0.0000e+00,0.0000e+00,0.0000e+00,0.0000e+00,0.0000e+00,0.0000e+00,0.0000e+00,0.0000e+00,0.0000e+00,0.0000e+00,0.0000e+00,0.0000e+00,0.0000e+00,0.0000e+00,0.0000e+00,0.0000e+00,0.0000e+00,0.0000e+00,0.0000e+00,0.0000e+00,0.0000e+00,0.0000e+00,0.0000e+00,0.0000e+00,0.0000e+00,0.0000e+00
0.0000e+00,0.0000e+00,0.0000e+00,0.0000e+00,0.0000e+00,0.0000e+00,0.0000e+00,0.0000e+00,0.0000e+00,0.0000e+00,0.0000e+00,0.0000e+00,0.0000e+00,0.0000e+00,0.0000e+00,0.0000e+00,0.0000e+00,0.0000e+00,0.0000e+00,0.0000e+00,0.0000e+00,0.0000e+00,0.0000e+00,0.0000e+00,0.0000e+00,0.0000e+00,0.0000e+00,0.0000e+00,0.0000e+00,0.0000e+00,0.0000e+00,0.0000e+00
0.0000e+00,0.0000e+00,0.0000e+00,0.0000e+00,0.0000e+00,0.0000e+00,0.0000e+00,0.0000e+00,0.0000e+00,0.0000e+00,0.0000e+00,0.0000e+00,0.0000e+00,0.0000e+00,0.0000e+00,0.0000e+00,0.0000e+00,0.0000e+00,0.0000e+00,0.0000e+00,2.7903e+02,0.0000e+00,0.0000e+00,0.0000e+00,0.0000e+00,0.0000e+00,0.0000e+00,0.0000e+00,0.0000e+00,0.0000e+00,0.0000e+00,0.0000e+00
0.0000e+00,0.0000e+00,0.0000e+00,0.0000e+00,0.0000e+00,0.0000e+00,0.0000e+00,0.0000e+00,0.0000e+00,0.0000e+00,0.0000e+00,0.0000e+00,0.0000e+00,0.0000e+00,0.0000e+00,0.0000e+00,0.0000e+00,0.0000e+00,0.0000e+00,0.0000e+00,9.8876e+02,0.0000e+00,0.0000e+00,0.0000e+00,0.0000e+00,0.0000e+00,0.0000e+00,0.0000e+00,0.0000e+00,0.0000e+00,0.0000e+00,0.0000e+00
0.0000e+00,0.0000e+00,0.0000e+00,0.0000e+00,0.0000e+00,0.0000e+00,0.0000e+00,0.0000e+00,0.0000e+00,0.0000e+00,0.0000e+00,0.0000e+00,0.0000e+00,0.0000e+00,0.0000e+00,0.0000e+00,0.0000e+00,0.0000e+00,0.0000e+00,0.0000e+00,0.0000e+00,0.0000e+00,0.0000e+00,0.0000e+00,0.0000e+00,0.0000e+00,0.0000e+00,0.0000e+00,0.0000e+00,0.0000e+00,0.0000e+00,0.0000e+00
0.0000e+00,0.0000e+00,0.0000e+00,0.0000e+00,0.0000e+00,0.0000e+00,0.0000e+00,0.0000e+00,0.0000e+00,0.0000e+00,0.0000e+00,0.0000e+00,0.0000e+00,0.0000e+00,0.0000e+00,0.0000e+00,0.0000e+00,0.0000e+00,0.0000e+00,0.0000e+00,9.0515e+01,0.0000e+00,0.0000e+00,0.0000e+00,0.0000e+00,0.0000e+00,0.0000e+00,0.0000e+00,0.0000e+00,0.0000e+00,0.0000e+00,0.0000e+00
0.0000e+00,0.0000e+00,0.0000e+00,0.0000e+00,0.0000e+00,0.0000e+00,0.0000e+00,0.0000e+00,0.0000e+00,0.0000e+00,0.0000e+00,0.0000e+00,0.0000e+00,0.0000e+00,0.0000e+00,0.0000e+00,0.0000e+00,0.0000e+00,0.0000e+00,0.0000e+00,3.5087e+02,0.0000e+00,0.0000e+00,0.0000e+00,0.0000e+00,0.0000e+00,0.0000e+00,0.0000e+00,0.0000e+00,0.0000e+00,0.0000e+00,0.0000e+00
0.0000e+00,0.0000e+00,0.0000e+00,0.0000e+00,0.0000e+00,0.0000e+00,0.0000e+00,0.0000e+00,0.0000e+00,0.0000e+00,0.0000e+00,0.0000e+00,0.0000e+00,0.0000e+00,0.0000e+00,0.0000e+00,0.0000e+00,0.0000e+00,0.0000e+00,0.0000e+00,0.0000e+00,0.0000e+00,0.0000e+00,0.0000e+00,0.0000e+00,0.0000e+00,0.0000e+00,0.0000e+00,0.0000e+00,0.0000e+00,0.0000e+00,0.0000e+00
0.0000e+00,0.0000e+00,0.0000e+00,0.0000e+00,0.0000e+00,0.0000e+00,0.0000e+00,0.0000e+00,0.0000e+00,0.0000e+00,0.0000e+00,0.0000e+00,0.0000e+00,0.0000e+00,0.0000e+00,0.0000e+00,0.0000e+00,0.0000e+00,0.0000e+00,0.0000e+00,0.0000e+00,0.0000e+00,0.0000e+00,0.0000e+00,0.0000e+00,0.0000e+00,0.0000e+00,0.0000e+00,0.0000e+00,0.0000e+00,0.0000e+00,0.0000e+00
0.0000e+00,0.0000e+00,0.0000e+00,0.0000e+00,0.0000e+00,0.0000e+00,0.0000e+00,0.0000e+00,0.0000e+00,0.0000e+00,0.0000e+00,0.0000e+00,0.0000e+00,0.0000e+00,0.0000e+00,0.0000e+00,0.0000e+00,0.0000e+00,0.0000e+00,0.0000e+00,0.0000e+00,0.0000e+00,0.0000e+00,0.0000e+00,0.0000e+00,0.0000e+00,0.0000e+00,0.0000e+00,0.0000e+00,0.0000e+00,0.0000e+00,0.0000e+00
0.0000e+00,0.0000e+00,0.0000e+00,0.0000e+00,0.0000e+00,0.0000e+00,0.0000e+00,0.0000e+00,0.0000e+00,0.0000e+00,0.0000e+00,0.0000e+00,0.0000e+00,0.0000e+00,0.0000e+00,0.0000e+00,0.0000e+00,0.0000e+00,0.0000e+00,0.0000e+00,0.0000e+00,0.0000e+00,0.0000e+00,0.0000e+00,0.0000e+00,0.0000e+00,0.0000e+00,0.0000e+00,0.0000e+00,0.0000e+00,0.0000e+00,0.0000e+00
0.0000e+00,0.0000e+00,0.0000e+00,0.0000e+00,0.0000e+00,0.0000e+00,0.0000e+00,0.0000e+00,0.0000e+00,0.0000e+00,0.0000e+00,0.0000e+00,0.0000e+00,0.0000e+00,0.0000e+00,0.0000e+00,0.0000e+00,0.0000e+00,0.0000e+00,0.0000e+00,0.0000e+00,0.0000e+00,0.0000e+00,0.0000e+00,0.0000e+00,0.0000e+00,0.0000e+00,0.0000e+00,0.0000e+00,0.0000e+00,0.0000e+00,0.0000e+00
0.0000e+00,0.0000e+00,0.0000e+00,0.0000e+00,0.0000e+00,0.0000e+00,0.0000e+00,0.0000e+00,0.0000e+00,0.0000e+00,0.0000e+00,0.0000e+00,0.0000e+00,0.0000e+00,0.0000e+00,0.0000e+00,0.0000e+00,0.0000e+00,0.0000e+00,0.0000e+00,0.0000e+00,0.0000e+00,0.0000e+00,0.0000e+00,0.0000e+00,0.0000e+00,0.0000e+00,0.0000e+00,0.0000e+00,0.0000e+00,0.0000e+00,0.0000e+00
0.0000e+00,0.0000e+00,0.0000e+00,0.0000e+00,0.0000e+00,0.0000e+00,0.0000e+00,0.0000e+00,0.0000e+00,0.0000e+00,0.0000e+00,0.0000e+00,0.0000e+00,0.0000e+00,0.0000e+00,0.0000e+00,0.0000e+00,0.0000e+00,0.0000e+00,0.0000e+00,0.0000e+00,0.0000e+00,0.0000e+00,0.0000e+00,0.0000e+00,0.0000e+00,0.0000e+00,0.0000e+00,0.0000e+00,0.0000e+00,0.0000e+00,0.0000e+00
0.0000e+00,0.0000e+00,0.0000e+00,0.0000e+00,0.0000e+00,0.0000e+00,0.0000e+00,0.0000e+00,0.0000e+00,0.0000e+00,0.0000e+00,0.0000e+00,0.0000e+00,0.0000e+00,0.0000e+00,0.0000e+00,0.0000e+00,0.0000e+00,0.0000e+00,0.0000e+00,0.0000e+00,0.0000e+00,0.0000e+00,0.0000e+00,0.0000e+00,0.0000e+00,0.0000e+00,0.0000e+00,0.0000e+00,0.0000e+00,0.0000e+00,0.0000e+00
0.0000e+00,0.0000e+00,0.0000e+00,0.0000e+00,0.0000e+00,0.0000e+00,0.0000e+00,0.0000e+00,0.0000e+00,0.0000e+00,0.0000e+00,0.0000e+00,0.0000e+00,0.0000e+00,0.0000e+00,0.0000e+00,0.0000e+00,0.0000e+00,0.0000e+00,0.0000e+00,0.0000e+00,0.0000e+00,0.0000e+00,0.0000e+00,0.0000e+00,0.0000e+00,0.0000e+00,0.0000e+00,0.0000e+00,0.0000e+00,0.0000e+00,0.0000e+00
0.0000e+00,0.0000e+00,0.0000e+00,0.0000e+00,0.0000e+00,0.0000e+00,0.0000e+00,0.0000e+00,0.0000e+00,0.0000e+00,0.0000e+00,0.0000e+00,0.0000e+00,0.0000e+00,0.0000e+00,0.0000e+00,0.0000e+00,0.0000e+00,0.0000e+00,0.0000e+00,0.0000e+00,0.0000e+00,0.0000e+00,0.0000e+00,0.0000e+00,0.0000e+00,0.0000e+00,0.0000e+00,0.0000e+00,0.0000e+00,0.0000e+00,0.0000e+00
0.0000e+00,0.0000e+00,0.0000e+00,0.0000e+00,0.0000e+00,0.0000e+00,0.0000e+00,0.0000e+00,0.0000e+00,0.0000e+00,0.0000e+00,0.0000e+00,0.0000e+00,0.0000e+00,0.0000e+00,0.0000e+00,0.0000e+00,0.0000e+00,0.0000e+00,0.0000e+00,0.0000e+00,0.0000e+00,0.0000e+00,0.0000e+00,0.0000e+00,0.0000e+00,0.0000e+00,0.0000e+00,0.0000e+00,0.0000e+00,0.0000e+00,0.0000e+00
