0.0000e+00,0.0000e+00,0.0000e+00,0.0000e+00,0.0000e+00,2.6937e+03
0.0000e+00,0.0000e+00,0.0000e+00,0.0000e+00,0.0000e+00,2.5804e+03
0.0000e+00,0.0000e+00,0.0000e+00,0.0000e+00,0.0000e+00,2.5804e+03
0.0000e+00,0.0000e+00,0.0000e+00,0.0000e+00,0.0000e+00,2.5021e+03
0.0000e+00,0.0000e+00,0.0000e+00,0.0000e+00,0.0000e+00,3.1238e+03
0.0000e+00,0.0000e+00,0.0000e+00,0.0000e+00,0.0000e+00,3.3018e+03
0.0000e+00,0.0000e+00,0.0000e+00,0.0000e+00,0.0000e+00,4.6491e+03
0.0000e+00,0.0000e+00,0.0000e+00,0.0000e+00,0.0000e+00,6.3481e+03
0.0000e+00,0.0000e+00,0.0000e+00,0.0000e+00,0.0000e+00,7.6537e+03
0.0000e+00,0.0000e+00,0.0000e+00,0.0000e+00,0.0000e+00,8.0327e+03
0.0000e+00,0.0000e+00,0.0000e+00,0.0000e+00,0.0000e+00,7.3070e+03
0.0000e+00,0.0000e+00,0.0000e+00,0.0000e+00,0.0000e+00,8.0226e+03
0.0000e+00,0.0000e+00,0.0000e+00,0.0000e+00,0.0000e+00,8.8154e+03
0.0000e+00,0.0000e+00,0.0000e+00,0.0000e+00,0.0000e+00,8.1075e+03
0.0000e+00,0.0000e+00,0.0000e+00,0.0000e+00,0.0000e+00,7.4685e+03
0.0000e+00,0.0000e+00,0.0000e+00,0.0000e+00,0.0000e+00,7.1496e+03
0.0000e+00,0.0000e+00,0.0000e+00,0.0000e+00,0.0000e+00,6.7784e+03
0.0000e+00,0.0000e+00,0.0000e+00,0.0000e+00,0.0000e+00,6.1954e+03
0.0000e+00,0.0000e+00,0.0000e+00,0.0000e+00,0.0000e+00,5.0266e+03
0.0000e+00,0.0000e+00,0.0000e+00,0.0000e+00,0.0000e+00,4.5375e+03
0.0000e+00,0.0000e+00,0.0000e+00,0.0000e+00,0.0000e+00,3.6537e+03
0.0000e+00,0.0000e+00,0.0000e+00,0.0000e+00,0.0000e+00,3.2672e+03
0.0000e+00,0.0000e+00,0.0000e+00,0.0000e+00,0.0000e+00,2.9133e+03
0.0000e+00,0.0000e+00,0.0000e+00,0.0000e+00,0.0000e+00,2.7860e+03
0.0000e+00,0.0000e+00,0.0000e+00,0.0000e+00,0.0000e+00,1.7413e+03
0.0000e+00,0.0000e+00,0.0000e+00,0.0000e+00,0.0000e+00,1.6679e+03
0.0000e+00,0.0000e+00,0.0000e+00,0.0000e+00,0.0000e+00,1.6679e+03
0.0000e+00,0.0000e+00,0.0000e+00,0.0000e+00,0.0000e+00,1.6178e+03
0.0000e+00,0.0000e+00,0.0000e+00,0.0000e+00,0.0000e+00,2.0114e+03
0.0000e+00,0.0000e+00,0.0000e+00,0.0000e+00,0.0000e+00,2.1489e+03
0.0000e+00,0.0000e+00,0.0000e+00,0.0000e+00,0.0000e+00,3.0994e+03
0.0000e+00,0.0000e+00,0.0000e+00,0.0000e+00,0.0000e+00,4.3991e+03
0.0000e+00,0.0000e+00,0.0000e+00,0.0000e+00,0.0000e+00,5.3166e+03
0.0000e+00,0.0000e+00,0.0000e+00,0.0000e+00,0.0000e+00,5.5849e+03
0.0000e+00,0.0000e+00,0.0000e+00,0.0000e+00,0.0000e+00,5.0899e+03
0.0000e+00,0.0000e+00,0.0000e+00,0.0000e+00,0.0000e+00,5.7304e+03
0.0000e+00,0.0000e+00,0.0000e+00,0.0000e+00,0.0000e+00,6.2967e+03
0.0000e+00,0.0000e+00,0.0000e+00,0.0000e+00,0.0000e+00,5.7911e+03
0.0000e+00,0.0000e+00,0.0000e+00,0.0000e+00,0.0000e+00,4.9790e+03
0.0000e+00,0.0000e+00,0.0000e+00,0.0000e+00,0.0000e+00,4.7664e+03
0.0000e+00,0.0000e+00,0.0000e+00,0.0000e+00,0.0000e+00,4.5189e+03
0.0000e+00,0.0000e+00,0.0000e+00,0.0000e+00,0.0000e+00,4.1303e+03
0.0000e+00,0.0000e+00,0.0000e+00,0.0000e+00,0.0000e+00,3.3511e+03
0.0000e+00,0.0000e+00,0.0000e+00,0.0000e+00,0.0000e+00,3.0250e+03
0.0000e+00,0.0000e+00,0.0000e+00,0.0000e+00,0.0000e+00,2.4358e+03
0.0000e+00,0.0000e+00,0.0000e+00,0.0000e+00,0.0000e+00,5.9326e+02
0.0000e+00,0.0000e+00,0.0000e+00,0.0000e+00,0.0000e+00,1.9422e+03
0.0000e+00,0.0000e+00,0.0000e+00,0.0000e+00,0.0000e+00,1.8573e+03
0.0000e+00,0.0000e+00,0.0000e+00,0.0000e+00,0.0000e+00,5.1111e+03
0.0000e+00,0.0000e+00,0.0000e+00,0.0000e+00,0.0000e+00,4.9102e+03
0.0000e+00,0.0000e+00,0.0000e+00,0.0000e+00,0.0000e+00,4.7207e+03
0.0000e+00,0.0000e+00,0.0000e+00,0.0000e+00,0.0000e+00,4.6448e+03
0.0000e+00,0.0000e+00,0.0000e+00,0.0000e+00,0.0000e+00,7.4847e+03
0.0000e+00,0.0000e+00,0.0000e+00,0.0000e+00,0.0000e+00,7.4641e+03
0.0000e+00,0.0000e+00,0.0000e+00,0.0000e+00,0.0000e+00,9.5000e+03
0.0000e+00,0.0000e+00,0.0000e+00,0.0000e+00,0.0000e+00,9.5000e+03
0.0000e+00,0.0000e+00,0.0000e+00,0.0000e+00,0.0000e+00,9.5000e+03
0.0000e+00,0.0000e+00,0.0000e+00,0.0000e+00,0.0000e+00,9.5000e+03
0.0000e+00,0.0000e+00,0.0000e+00,0.0000e+00,0.0000e+00,9.3634e+03
0.0000e+00,0.0000e+00,0.0000e+00,0.0000e+00,0.0000e+00,9.3371e+03
0.0000e+00,0.0000e+00,0.0000e+00,0.0000e+00,0.0000e+00,9.5000e+03
0.0000e+00,0.0000e+00,0.0000e+00,0.0000e+00,0.0000e+00,9.3747e+03
0.0000e+00,0.0000e+00,0.0000e+00,0.0000e+00,0.0000e+00,9.5000e+03
0.0000e+00,0.0000e+00,0.0000e+00,0.0000e+00,0.0000e+00,9.5000e+03
0.0000e+00,0.0000e+00,0.0000e+00,0.0000e+00,0.0000e+00,9.5000e+03
0.0000e+00,0.0000e+00,0.0000e+00,0.0000e+00,0.0000e+00,6.8061e+03
0.0000e+00,0.0000e+00,0.0000e+00,0.0000e+00,0.0000e+00,9.5000e+03
0.0000e+00,0.0000e+00,0.0000e+00,0.0000e+00,0.0000e+00,9.5000e+03
0.0000e+00,0.0000e+00,0.0000e+00,0.0000e+00,0.0000e+00,7.8204e+03
0.0000e+00,0.0000e+00,0.0000e+00,0.0000e+00,0.0000e+00,7.1312e+03
0.0000e+00,0.0000e+00,0.0000e+00,0.0000e+00,0.0000e+00,5.5147e+03
0.0000e+00,0.0000e+00,0.0000e+00,0.0000e+00,0.0000e+00,5.2247e+03
0.0000e+00,0.0000e+00,0.0000e+00,0.0000e+00,0.0000e+00,3.1945e+03
0.0000e+00,0.0000e+00,0.0000e+00,0.0000e+00,0.0000e+00,3.0788e+03
0.0000e+00,0.0000e+00,0.0000e+00,0.0000e+00,0.0000e+00,2.9718e+03
0.0000e+00,0.0000e+00,0.0000e+00,0.0000e+00,0.0000e+00,2.9522e+03
0.0000e+00,0.0000e+00,0.0000e+00,0.0000e+00,0.0000e+00,4.3997e+03
0.0000e+00,0.0000e+00,0.0000e+00,0.0000e+00,0.0000e+00,4.6553e+03
0.0000e+00,0.0000e+00,0.0000e+00,0.0000e+00,0.0000e+00,5.9350e+03
0.0000e+00,0.0000e+00,0.0000e+00,0.0000e+00,0.0000e+00,9.5000e+03
0.0000e+00,0.0000e+00,0.0000e+00,0.0000e+00,0.0000e+00,9.5000e+03
0.0000e+00,0.0000e+00,0.0000e+00,0.0000e+00,0.0000e+00,9.3504e+03
0.0000e+00,0.0000e+00,0.0000e+00,0.0000e+00,0.0000e+00,9.5000e+03
0.0000e+00,0.0000e+00,0.0000e+00,0.0000e+00,0.0000e+00,9.5000e+03
0.0000e+00,0.0000e+00,0.0000e+00,0.0000e+00,0.0000e+00,9.5000e+03
0.0000e+00,0.0000e+00,0.0000e+00,0.0000e+00,0.0000e+00,9.5000e+03
0.0000e+00,0.0000e+00,0.0000e+00,0.0000e+00,0.0000e+00,9.5000e+03
0.0000e+00,0.0000e+00,0.0000e+00,0.0000e+00,0.0000e+00,8.7821e+03
0.0000e+00,0.0000e+00,0.0000e+00,0.0000e+00,0.0000e+00,9.5000e+03
0.0000e+00,0.0000e+00,0.0000e+00,0.0000e+00,0.0000e+00,9.5000e+03
0.0000e+00,0.0000e+00,0.0000e+00,0.0000e+00,0.0000e+00,6.8494e+03
0.0000e+00,0.0000e+00,0.0000e+00,0.0000e+00,0.0000e+00,6.1606e+03
0.0000e+00,0.0000e+00,0.0000e+00,0.0000e+00,0.0000e+00,5.0760e+03
0.0000e+00,0.0000e+00,0.0000e+00,0.0000e+00,0.0000e+00,4.5498e+03
0.0000e+00,0.0000e+00,0.0000e+00,0.0000e+00,0.0000e+00,3.6734e+03
0.0000e+00,0.0000e+00,0.0000e+00,0.0000e+00,0.0000e+00,3.4413e+03
0.0000e+00,0.0000e+00,0.0000e+00,0.0000e+00,0.0000e+00,2.4095e+03
0.0000e+00,0.0000e+00,0.0000e+00,0.0000e+00,0.0000e+00,2.2949e+03
0.0000e+00,0.0000e+00,0.0000e+00,0.0000e+00,0.0000e+00,2.2949e+03
0.0000e+00,0.0000e+00,0.0000e+00,0.0000e+00,0.0000e+00,2.2189e+03
0.0000e+00,0.0000e+00,0.0000e+00,0.0000e+00,0.0000e+00,2.8022e+03
0.0000e+00,0.0000e+00,0.0000e+00,0.0000e+00,0.0000e+00,3.0885e+03
0.0000e+00,0.0000e+00,0.0000e+00,0.0000e+00,0.0000e+00,4.6140e+03
0.0000e+00,0.0000e+00,0.0000e+00,0.0000e+00,0.0000e+00,7.1620e+03
0.0000e+00,0.0000e+00,0.0000e+00,0.0000e+00,0.0000e+00,8.6970e+03
0.0000e+00,0.0000e+00,0.0000e+00,0.0000e+00,0.0000e+00,9.5000e+03
0.0000e+00,0.0000e+00,0.0000e+00,0.0000e+00,0.0000e+00,7.8531e+03
0.0000e+00,0.0000e+00,0.0000e+00,0.0000e+00,0.0000e+00,8.3185e+03
0.0000e+00,0.0000e+00,0.0000e+00,0.0000e+00,0.0000e+00,9.5000e+03
0.0000e+00,0.0000e+00,0.0000e+00,0.0000e+00,0.0000e+00,8.4227e+03
0.0000e+00,0.0000e+00,0.0000e+00,0.0000e+00,0.0000e+00,9.5000e+03
0.0000e+00,0.0000e+00,0.0000e+00,0.0000e+00,0.0000e+00,6.9591e+03
0.0000e+00,0.0000e+00,0.0000e+00,0.0000e+00,0.0000e+00,6.5508e+03
0.0000e+00,0.0000e+00,0.0000e+00,0.0000e+00,0.0000e+00,5.9799e+03
0.0000e+00,0.0000e+00,0.0000e+00,0.0000e+00,0.0000e+00,5.0293e+03
0.0000e+00,0.0000e+00,0.0000e+00,0.0000e+00,0.0000e+00,4.3767e+03
0.0000e+00,0.0000e+00,0.0000e+00,0.0000e+00,0.0000e+00,3.4052e+03
0.0000e+00,0.0000e+00,0.0000e+00,0.0000e+00,0.0000e+00,2.9901e+03
0.0000e+00,0.0000e+00,0.0000e+00,0.0000e+00,0.0000e+00,2.6310e+03
0.0000e+00,0.0000e+00,0.0000e+00,0.0000e+00,0.0000e+00,2.5010e+03
0.0000e+00,0.0000e+00,0.0000e+00,0.0000e+00,0.0000e+00,1.8392e+03
0.0000e+00,0.0000e+00,0.0000e+00,0.0000e+00,0.0000e+00,1.7521e+03
0.0000e+00,0.0000e+00,0.0000e+00,0.0000e+00,0.0000e+00,1.7521e+03
0.0000e+00,0.0000e+00,0.0000e+00,0.0000e+00,0.0000e+00,1.6957e+03
0.0000e+00,0.0000e+00,0.0000e+00,0.0000e+00,0.0000e+00,2.1172e+03
0.0000e+00,0.0000e+00,0.0000e+00,0.0000e+00,0.0000e+00,2.6218e+03
0.0000e+00,0.0000e+00,0.0000e+00,0.0000e+00,0.0000e+00,3.9412e+03
0.0000e+00,0.0000e+00,0.0000e+00,0.0000e+00,0.0000e+00,5.9130e+03
0.0000e+00,0.0000e+00,0.0000e+00,0.0000e+00,0.0000e+00,7.1410e+03
0.0000e+00,0.0000e+00,0.0000e+00,0.0000e+00,0.0000e+00,7.5008e+03
0.0000e+00,0.0000e+00,0.0000e+00,0.0000e+00,0.0000e+00,6.4659e+03
0.0000e+00,0.0000e+00,0.0000e+00,0.0000e+00,0.0000e+00,6.8382e+03
0.0000e+00,0.0000e+00,0.0000e+00,0.0000e+00,0.0000e+00,7.2389e+03
0.0000e+00,0.0000e+00,0.0000e+00,0.0000e+00,0.0000e+00,6.9215e+03
0.0000e+00,0.0000e+00,0.0000e+00,0.0000e+00,0.0000e+00,5.8321e+03
0.0000e+00,0.0000e+00,0.0000e+00,0.0000e+00,0.0000e+00,5.3840e+03
0.0000e+00,0.0000e+00,0.0000e+00,0.0000e+00,0.0000e+00,5.1785e+03
0.0000e+00,0.0000e+00,0.0000e+00,0.0000e+00,0.0000e+00,4.6889e+03
0.0000e+00,0.0000e+00,0.0000e+00,0.0000e+00,0.0000e+00,4.2734e+03
0.0000e+00,0.0000e+00,0.0000e+00,0.0000e+00,0.0000e+00,3.7513e+03
0.0000e+00,0.0000e+00,0.0000e+00,0.0000e+00,0.0000e+00,2.6218e+03
0.0000e+00,0.0000e+00,0.0000e+00,0.0000e+00,0.0000e+00,2.2811e+03
0.0000e+00,0.0000e+00,0.0000e+00,0.0000e+00,0.0000e+00,2.0073e+03
0.0000e+00,0.0000e+00,0.0000e+00,0.0000e+00,0.0000e+00,1.9079e+03
0.0000e+00,0.0000e+00,0.0000e+00,0.0000e+00,0.0000e+00,1.5058e+03
0.0000e+00,0.0000e+00,0.0000e+00,0.0000e+00,0.0000e+00,1.4600e+03
0.0000e+00,0.0000e+00,0.0000e+00,0.0000e+00,0.0000e+00,1.4600e+03
0.0000e+00,0.0000e+00,0.0000e+00,0.0000e+00,0.0000e+00,1.4218e+03
0.0000e+00,0.0000e+00,0.0000e+00,0.0000e+00,0.0000e+00,1.6780e+03
0.0000e+00,0.0000e+00,0.0000e+00,0.0000e+00,0.0000e+00,2.4231e+03
0.0000e+00,0.0000e+00,0.0000e+00,0.0000e+00,0.0000e+00,3.2945e+03
0.0000e+00,0.0000e+00,0.0000e+00,0.0000e+00,0.0000e+00,6.8430e+03
0.0000e+00,0.0000e+00,0.0000e+00,0.0000e+00,0.0000e+00,8.6695e+03
0.0000e+00,0.0000e+00,0.0000e+00,0.0000e+00,0.0000e+00,9.5000e+03
0.0000e+00,0.0000e+00,0.0000e+00,0.0000e+00,0.0000e+00,7.4452e+03
0.0000e+00,0.0000e+00,0.0000e+00,0.0000e+00,0.0000e+00,8.0711e+03
0.0000e+00,0.0000e+00,0.0000e+00,0.0000e+00,0.0000e+00,8.8283e+03
0.0000e+00,0.0000e+00,0.0000e+00,0.0000e+00,0.0000e+00,7.8391e+03
0.0000e+00,0.0000e+00,0.0000e+00,0.0000e+00,0.0000e+00,6.6072e+03
0.0000e+00,0.0000e+00,0.0000e+00,0.0000e+00,0.0000e+00,5.7612e+03
0.0000e+00,0.0000e+00,0.0000e+00,0.0000e+00,0.0000e+00,5.6574e+03
0.0000e+00,0.0000e+00,0.0000e+00,0.0000e+00,0.0000e+00,6.9566e+03
0.0000e+00,0.0000e+00,0.0000e+00,0.0000e+00,0.0000e+00,4.2270e+03
0.0000e+00,0.0000e+00,0.0000e+00,0.0000e+00,0.0000e+00,3.0652e+03
0.0000e+00,0.0000e+00,0.0000e+00,0.0000e+00,0.0000e+00,2.3543e+03
0.0000e+00,0.0000e+00,0.0000e+00,0.0000e+00,0.0000e+00,1.8880e+03
0.0000e+00,0.0000e+00,0.0000e+00,0.0000e+00,0.0000e+00,1.6587e+03
0.0000e+00,0.0000e+00,0.0000e+00,0.0000e+00,0.0000e+00,1.5593e+03
0.0000e+00,0.0000e+00,0.0000e+00,0.0000e+00,0.0000e+00,1.3297e+03
0.0000e+00,0.0000e+00,0.0000e+00,0.0000e+00,0.0000e+00,1.2930e+03
0.0000e+00,0.0000e+00,0.0000e+00,0.0000e+00,0.0000e+00,1.2930e+03
0.0000e+00,0.0000e+00,0.0000e+00,0.0000e+00,0.0000e+00,1.2624e+03
0.0000e+00,0.0000e+00,0.0000e+00,0.0000e+00,0.0000e+00,1.5598e+03
0.0000e+00,0.0000e+00,0.0000e+00,0.0000e+00,0.0000e+00,2.0635e+03
0.0000e+00,0.0000e+00,0.0000e+00,0.0000e+00,0.0000e+00,2.7606e+03
0.0000e+00,0.0000e+00,0.0000e+00,0.0000e+00,0.0000e+00,6.0860e+03
0.0000e+00,0.0000e+00,0.0000e+00,0.0000e+00,0.0000e+00,7.6462e+03
0.0000e+00,0.0000e+00,0.0000e+00,0.0000e+00,0.0000e+00,9.5000e+03
0.0000e+00,0.0000e+00,0.0000e+00,0.0000e+00,0.0000e+00,6.6012e+03
0.0000e+00,0.0000e+00,0.0000e+00,0.0000e+00,0.0000e+00,7.1076e+03
0.0000e+00,0.0000e+00,0.0000e+00,0.0000e+00,0.0000e+00,7.7891e+03
0.0000e+00,0.0000e+00,0.0000e+00,0.0000e+00,0.0000e+00,6.9608e+03
0.0000e+00,0.0000e+00,0.0000e+00,0.0000e+00,0.0000e+00,5.8517e+03
0.0000e+00,0.0000e+00,0.0000e+00,0.0000e+00,0.0000e+00,5.0965e+03
0.0000e+00,0.0000e+00,0.0000e+00,0.0000e+00,0.0000e+00,5.0211e+03
0.0000e+00,0.0000e+00,0.0000e+00,0.0000e+00,0.0000e+00,4.4568e+03
0.0000e+00,0.0000e+00,0.0000e+00,0.0000e+00,0.0000e+00,3.7565e+03
0.0000e+00,0.0000e+00,0.0000e+00,0.0000e+00,0.0000e+00,2.5772e+03
0.0000e+00,0.0000e+00,0.0000e+00,0.0000e+00,0.0000e+00,2.0085e+03
0.0000e+00,0.0000e+00,0.0000e+00,0.0000e+00,0.0000e+00,1.6354e+03
0.0000e+00,0.0000e+00,0.0000e+00,0.0000e+00,0.0000e+00,1.4520e+03
0.0000e+00,0.0000e+00,0.0000e+00,0.0000e+00,0.0000e+00,1.3725e+03
