0.0000e+00,0.0000e+00,0.0000e+00,0.0000e+00,0.0000e+00,0.0000e+00,0.0000e+00,0.0000e+00,0.0000e+00,0.0000e+00,0.0000e+00,0.0000e+00,0.0000e+00,0.0000e+00,0.0000e+00,0.0000e+00,0.0000e+00,0.0000e+00,0.0000e+00,0.0000e+00
0.0000e+00,0.0000e+00,0.0000e+00,0.0000e+00,0.0000e+00,0.0000e+00,0.0000e+00,0.0000e+00,0.0000e+00,0.0000e+00,0.0000e+00,0.0000e+00,0.0000e+00,0.0000e+00,0.0000e+00,0.0000e+00,0.0000e+00,0.0000e+00,0.0000e+00,0.0000e+00
0.0000e+00,0.0000e+00,0.0000e+00,0.0000e+00,0.0000e+00,0.0000e+00,0.0000e+00,0.0000e+00,0.0000e+00,0.0000e+00,0.0000e+00,0.0000e+00,0.0000e+00,0.0000e+00,0.0000e+00,0.0000e+00,0.0000e+00,0.0000e+00,0.0000e+00,0.0000e+00
0.0000e+00,0.0000e+00,0.0000e+00,0.0000e+00,0.0000e+00,0.0000e+00,0.0000e+00,0.0000e+00,0.0000e+00,0.0000e+00,0.0000e+00,0.0000e+00,0.0000e+00,0.0000e+00,0.0000e+00,0.0000e+00,0.0000e+00,0.0000e+00,0.0000e+00,0.0000e+00
0.0000e+00,0.0000e+00,0.0000e+00,0.0000e+00,0.0000e+00,0.0000e+00,0.0000e+00,0.0000e+00,0.0000e+00,0.0000e+00,0.0000e+00,0.0000e+00,0.0000e+00,0.0000e+00,0.0000e+00,0.0000e+00,0.0000e+00,0.0000e+00,0.0000e+00,0.0000e+00
0.0000e+00,0.0000e+00,0.0000e+00,0.0000e+00,0.0000e+00,0.0000e+00,0.0000e+00,0.0000e+00,0.0000e+00,0.0000e+00,0.0000e+00,0.0000e+00,0.0000e+00,0.0000e+00,0.0000e+00,0.0000e+00,0.0000e+00,0.0000e+00,0.0000e+00,0.0000e+00
0.0000e+00,0.0000e+00,0.0000e+00,0.0000e+00,0.0000e+00,0.0000e+00,0.0000e+00,0.0000e+00,0.0000e+00,0.0000e+00,0.0000e+00,0.0000e+00,0.0000e+00,0.0000e+00,0.0000e+00,0.0000e+00,0.0000e+00,0.0000e+00,0.0000e+00,0.0000e+00
0.0000e+00,0.0000e+00,0.0000e+00,0.0000e+00,1.4027e+02,0.0000e+00,0.0000e+00,0.0000e+00,0.0000e+00,0.0000e+00,0.0000e+00,0.0000e+00,0.0000e+00,0.0000e+00,0.0000e+00,0.0000e+00,0.0000e+00,0.0000e+00,0.0000e+00,0.0000e+00
0.0000e+00,0.0000e+00,0.0000e+00,0.0000e+00,3.9499e+02,0.0000e+00,0.0000e+00,0.0000e+00,0.0000e+00,0.0000e+00,0.0000e+00,0.0000e+00,0.0000e+00,0.0000e+00,0.0000e+00,0.0000e+00,0.0000e+00,0.0000e+00,0.0000e+00,0.0000e+00
0.0000e+00,0.0000e+00,0.0000e+00,0.0000e+00,5.0346e+02,0.0000e+00,0.0000e+00,0.0000e+00,0.0000e+00,0.0000e+00,0.0000e+00,0.0000e+00,0.0000e+00,0.0000e+00,0.0000e+00,0.0000e+00,0.0000e+00,0.0000e+00,0.0000e+00,0.0000e+00
0.0000e+00,0.0000e+00,0.0000e+00,0.0000e+00,0.0000e+00,0.0000e+00,0.0000e+00,0.0000e+00,0.0000e+00,0.0000e+00,0.0000e+00,0.0000e+00,0.0000e+00,0.0000e+00,0.0000e+00,0.0000e+00,0.0000e+00,0.0000e+00,0.0000e+00,0.0000e+00
0.0000e+00,0.0000e+00,0.0000e+00,0.0000e+00,0.0000e+00,0.0000e+00,0.0000e+00,0.0000e+00,0.0000e+00,0.0000e+00,0.0000e+00,0.0000e+00,0.0000e+00,0.0000e+00,0.0000e+00,0.0000e+00,0.0000e+00,0.0000e+00,0.0000e+00,0.0000e+00
0.0000e+00,0.0000e+00,0.0000e+00,0.0000e+00,0.0000e+00,0.0000e+00,0.0000e+00,0.0000e+00,0.0000e+00,0.0000e+00,0.0000e+00,0.0000e+00,0.0000e+00,0.0000e+00,0.0000e+00,0.0000e+00,0.0000e+00,0.0000e+00,0.0000e+00,0.0000e+00
0.0000e+00,0.0000e+00,0.0000e+00,0.0000e+00,0.0000e+00,0.0000e+00,0.0000e+00,0.0000e+00,0.0000e+00,0.0000e+00,0.0000e+00,0.0000e+00,0.0000e+00,0.0000e+00,0.0000e+00,0.0000e+00,0.0000e+00,0.0000e+00,0.0000e+00,0.0000e+00
0.0000e+00,0.0000e+00,0.0000e+00,0.0000e+00,0.0000e+00,0.0000e+00,0.0000e+00,0.0000e+00,0.0000e+00,0.0000e+00,0.0000e+00,0.0000e+00,0.0000e+00,0.0000e+00,0.0000e+00,0.0000e+00,0.0000e+00,0.0000e+00,0.0000e+00,0.0000e+00
0.0000e+00,0.0000e+00,0.0000e+00,0.0000e+00,0.0000e+00,0.0000e+00,0.0000e+00,0.0000e+00,0.0000e+00,0.0000e+00,0.0000e+00,0.0000e+00,0.0000e+00,0.0000e+00,0.0000e+00,0.0000e+00,0.0000e+00,0.0000e+00,0.0000e+00,0.0000e+00
0.0000e+00,0.0000e+00,0.0000e+00,0.0000e+00,0.0000e+00,0.0000e+00,0.0000e+00,0.0000e+00,0.0000e+00,0.0000e+00,0.0000e+00,0.0000e+00,0.0000e+00,0.0000e+00,0.0000e+00,0.0000e+00,0.0000e+00,0.0000e+00,0.0000e+00,0.0000e+00
0.0000e+00,0.0000e+00,0.0000e+00,0.0000e+00,0.0000e+00,0.0000e+00,0.0000e+00,0.0000e+00,0.0000e+00,0.0000e+00,0.0000e+00,0.0000e+00,0.0000e+00,0.0000e+00,0.0000e+00,0.0000e+00,0.0000e+00,0.0000e+00,0.0000e+00,0.0000e+00
0.0000e+00,0.0000e+00,0.0000e+00,0.0000e+00,0.0000e+00,0.0000e+00,0.0000e+00,0.0000e+00,0.0000e+00,0.0000e+00,0.0000e+00,0.0000e+00,0.0000e+00,0.0000e+00,0.0000e+00,0.0000e+00,0.0000e+00,0.0000e+00,0.0000e+00,0.0000e+00
0.0000e+00,0.0000e+00,0.0000e+00,0.0000e+00,0.0000e+00,0.0000e+00,0.0000e+00,0.0000e+00,0.0000e+00,0.0000e+00,0.0000e+00,0.0000e+00,0.0000e+00,0.0000e+00,0.0000e+00,0.0000e+00,0.0000e+00,0.0000e+00,0.0000e+00,0.0000e+00
0.0000e+00,0.0000e+00,0.0000e+00,0.0000e+00,0.0000e+00,0.0000e+00,0.0000e+00,0.0000e+00,0.0000e+00,0.0000e+00,0.0000e+00,0.0000e+00,0.0000e+00,0.0000e+00,0.0000e+00,0.0000e+00,0.0000e+00,0.0000e+00,0.0000e+00,0.0000e+00
0.0000e+00,0.0000e+00,0.0000e+00,0.0000e+00,0.0000e+00,0.0000e+00,0.0000e+00,0.0000e+00,0.0000e+00,0.0000e+00,0.0000e+00,0.0000e+00,0.0000e+00,0.0000e+00,0.0000e+00,0.0000e+00,0.0000e+00,0.0000e+00,0.0000e+00,0.0000e+00
0.0000e+00,0.0000e+00,0.0000e+00,0.0000e+00,0.0000e+00,0.0000e+00,0.0000e+00,0.0000e+00,0.0000e+00,0.0000e+00,0.0000e+00,0.0000e+00,0.0000e+00,0.0000e+00,0.0000e+00,0.0000e+00,0.0000e+00,0.0000e+00,0.0000e+00,0.0000e+00
0.0000e+00,0.0000e+00,0.0000e+00,0.0000e+00,0.0000e+00,0.0000e+00,0.0000e+00,0.0000e+00,0.0000e+00,0.0000e+00,0.0000e+00,0.0000e+00,0.0000e+00,0.0000e+00,0.0000e+00,0.0000e+00,0.0000e+00,0.0000e+00,0.0000e+00,0.0000e+00
0.0000e+00,0.0000e+00,0.0000e+00,0.0000e+00,0.0000e+00,0.0000e+00,0.0000e+00,0.0000e+00,0.0000e+00,0.0000e+00,0.0000e+00,0.0000e+00,0.0000e+00,0.0000e+00,0.0000e+00,0.0000e+00,0.0000e+00,0.0000e+00,0.0000e+00,0.0000e+00
0.0000e+00,0.0000e+00,0.0000e+00,0.0000e+00,0.0000e+00,0.0000e+00,0.0000e+00,0.0000e+00,0.0000e+00,0.0000e+00,0.0000e+00,0.0000e+00,0.0000e+00,0.0000e+00,0.0000e+00,0.0000e+00,0.0000e+00,0.0000e+00,0.0000e+00,0.0000e+00
0.0000e+00,0.0000e+00,0.0000e+00,0.0000e+00,0.0000e+00,0.0000e+00,0.0000e+00,0.0000e+00,0.0000e+00,0.0000e+00,0.0000e+00,0.0000e+00,0.0000e+00,0.0000e+00,0.0000e+00,0.0000e+00,0.0000e+00,0.0000e+00,0.0000e+00,0.0000e+00
0.0000e+00,0.0000e+00,0.0000e+00,0.0000e+00,0.0000e+00,0.0000e+00,0.0000e+00,0.0000e+00,0.0000e+00,0.0000e+00,0.0000e+00,0.0000e+00,0.0000e+00,0.0000e+00,0.0000e+00,0.0000e+00,0.0000e+00,0.0000e+00,0.0000e+00,0.0000e+00
0.0000e+00,0.0000e+00,0.0000e+00,0.0000e+00,0.0000e+00,0.0000e+00,0.0000e+00,0.0000e+00,0.0000e+00,0.0000e+00,0.0000e+00,0.0000e+00,0.0000e+00,0.0000e+00,0.0000e+00,0.0000e+00,0.0000e+00,0.0000e+00,0.0000e+00,0.0000e+00
0.0000e+00,0.0000e+00,0.0000e+00,0.0000e+00,0.0000e+00,0.0000e+00,0.0000e+00,0.0000e+00,0.0000e+00,0.0000e+00,0.0000e+00,0.0000e+00,0.0000e+00,0.0000e+00,0.0000e+00,0.0000e+00,0.0000e+00,0.0000e+00,0.0000e+00,0.0000e+00
0.0000e+00,0.0000e+00,0.0000e+00,0.0000e+00,0.0000e+00,0.0000e+00,0.0000e+00,0.0000e+00,0.0000e+00,0.0000e+00,0.0000e+00,0.0000e+00,0.0000e+00,0.0000e+00,0.0000e+00,0.0000e+00,0.0000e+00,0.0000e+00,0.0000e+00,0.0000e+00
0.0000e+00,0.0000e+00,0.0000e+00,0.0000e+00,1.6034e+02,0.0000e+00,0.0000e+00,0.0000e+00,0.0000e+00,0.0000e+00,0.0000e+00,0.0000e+00,0.0000e+00,0.0000e+00,0.0000e+00,0.0000e+00,0.0000e+00,0.0000e+00,0.0000e+00,0.0000e+00
0.0000e+00,0.0000e+00,0.0000e+00,0.0000e+00,3.4899e+02,0.0000e+00,0.0000e+00,0.0000e+00,0.0000e+00,0.0000e+00,0.0000e+00,0.0000e+00,0.0000e+00,0.0000e+00,0.0000e+00,0.0000e+00,0.0000e+00,0.0000e+00,0.0000e+00,0.0000e+00
0.0000e+00,0.0000e+00,0.0000e+00,0.0000e+00,4.2755e+02,0.0000e+00,0.0000e+00,0.0000e+00,0.0000e+00,0.0000e+00,0.0000e+00,0.0000e+00,0.0000e+00,0.0000e+00,0.0000e+00,0.0000e+00,0.0000e+00,0.0000e+00,0.0000e+00,0.0000e+00
0.0000e+00,0.0000e+00,0.0000e+00,0.0000e+00,0.0000e+00,0.0000e+00,0.0000e+00,0.0000e+00,0.0000e+00,0.0000e+00,0.0000e+00,0.0000e+00,0.0000e+00,0.0000e+00,0.0000e+00,0.0000e+00,0.0000e+00,0.0000e+00,0.0000e+00,0.0000e+00
0.0000e+00,0.0000e+00,0.0000e+00,0.0000e+00,0.0000e+00,0.0000e+00,0.0000e+00,0.0000e+00,0.0000e+00,0.0000e+00,0.0000e+00,0.0000e+00,0.0000e+00,0.0000e+00,0.0000e+00,0.0000e+00,0.0000e+00,0.0000e+00,0.0000e+00,0.0000e+00
0.0000e+00,0.0000e+00,0.0000e+00,0.0000e+00,0.0000e+00,0.0000e+00,0.0000e+00,0.0000e+00,0.0000e+00,0.0000e+00,0.0000e+00,0.0000e+00,0.0000e+00,0.0000e+00,0.0000e+00,0.0000e+00,0.0000e+00,0.0000e+00,0.0000e+00,0.0000e+00
0.0000e+00,0.0000e+00,0.0000e+00,0.0000e+00,0.0000e+00,0.0000e+00,0.0000e+00,0.0000e+00,0.0000e+00,0.0000e+00,0.0000e+00,0.0000e+00,0.0000e+00,0.0000e+00,0.0000e+00,0.0000e+00,0.0000e+00,0.0000e+00,0.0000e+00,0.0000e+00
0.0000e+00,0.0000e+00,0.0000e+00,0.0000e+00,0.0000e+00,0.0000e+00,0.0000e+00,0.0000e+00,0.0000e+00,0.0000e+00,0.0000e+00,0.0000e+00,0.0000e+00,0.0000e+00,0.0000e+00,0.0000e+00,0.0000e+00,0.0000e+00,0.0000e+00,0.0000e+00
0.0000e+00,0.0000e+00,0.0000e+00,0.0000e+00,0.0000e+00,0.0000e+00,0.0000e+00,0.0000e+00,0.0000e+00,0.0000e+00,0.0000e+00,0.0000e+00,0.0000e+00,0.0000e+00,0.0000e+00,0.0000e+00,0.0000e+00,0.0000e+00,0.0000e+00,0.0000e+00
0.0000e+00,0.0000e+00,0.0000e+00,0.0000e+00,0.0000e+00,0.0000e+00,0.0000e+00,0.0000e+00,0.0000e+00,0.0000e+00,0.0000e+00,0.0000e+00,0.0000e+00,0.0000e+00,0.0000e+00,0.0000e+00,0.0000e+00,0.0000e+00,0.0000e+00,0.0000e+00
0.0000e+00,0.0000e+00,0.0000e+00,0.0000e+00,0.0000e+00,0.0000e+00,0.0000e+00,0.0000e+00,0.0000e+00,0.0000e+00,0.0000e+00,0.0000e+00,0.0000e+00,0.0000e+00,0.0000e+00,0.0000e+00,0.0000e+00,0.0000e+00,0.0000e+00,0.0000e+00
0.0000e+00,0.0000e+00,0.0000e+00,0.0000e+00,0.0000e+00,0.0000e+00,0.0000e+00,0.0000e+00,0.0000e+00,0.0000e+00,0.0000e+00,0.0000e+00,0.0000e+00,0.0000e+00,0.0000e+00,0.0000e+00,0.0000e+00,0.0000e+00,0.0000e+00,0.0000e+00
0.0000e+00,0.0000e+00,0.0000e+00,0.0000e+00,0.0000e+00,0.0000e+00,0.0000e+00,0.0000e+00,0.0000e+00,0.0000e+00,0.0000e+00,0.0000e+00,0.0000e+00,0.0000e+00,0.0000e+00,0.0000e+00,0.0000e+00,0.0000e+00,0.0000e+00,0.0000e+00
0.0000e+00,0.0000e+00,0.0000e+00,0.0000e+00,0.0000e+00,0.0000e+00,0.0000e+00,0.0000e+00,0.0000e+00,0.0000e+00,0.0000e+00,0.0000e+00,0.0000e+00,0.0000e+00,0.0000e+00,0.0000e+00,0.0000e+00,0.0000e+00,0.0000e+00,0.0000e+00
0.0000e+00,0.0000e+00,0.0000e+00,0.0000e+00,0.0000e+00,0.0000e+00,0.0000e+00,0.0000e+00,0.0000e+00,0.0000e+00,0.0000e+00,0.0000e+00,0.0000e+00,0.0000e+00,0.0000e+00,0.0000e+00,0.0000e+00,0.0000e+00,0.0000e+00,0.0000e+00
0.0000e+00,0.0000e+00,0.0000e+00,0.0000e+00,0.0000e+00,0.0000e+00,0.0000e+00,0.0000e+00,0.0000e+00,0.0000e+00,0.0000e+00,0.0000e+00,0.0000e+00,0.0000e+00,0.0000e+00,0.0000e+00,0.0000e+00,0.0000e+00,0.0000e+00,0.0000e+00
0.0000e+00,0.0000e+00,0.0000e+00,0.0000e+00,0.0000e+00,0.0000e+00,0.0000e+00,0.0000e+00,0.0000e+00,0.0000e+00,0.0000e+00,0.0000e+00,0.0000e+00,0.0000e+00,0.0000e+00,0.0000e+00,0.0000e+00,0.0000e+00,0.0000e+00,0.0000e+00
0.0000e+00,0.0000e+00,0.0000e+00,0.0000e+00,0.0000e+00,0.0000e+00,0.0000e+00,0.0000e+00,0.0000e+00,0.0000e+00,0.0000e+00,0.0000e+00,0.0000e+00,0.0000e+00,0.0000e+00,0.0000e+00,0.0000e+00,0.0000e+00,0.0000e+00,0.0000e+00
0.0000e+00,0.0000e+00,0.0000e+00,0.0000e+00,0.0000e+00,0.0000e+00,0.0000e+00,0.0000e+00,0.0000e+00,0.0000e+00,0.0000e+00,0.0000e+00,0.0000e+00,0.0000e+00,0.0000e+00,0.0000e+00,0.0000e+00,0.0000e+00,0.0000e+00,0.0000e+00
0.0000e+00,0.0000e+00,0.0000e+00,0.0000e+00,0.0000e+00,0.0000e+00,0.0000e+00,0.0000e+00,0.0000e+00,0.0000e+00,0.0000e+00,0.0000e+00,0.0000e+00,0.0000e+00,0.0000e+00,0.0000e+00,0.0000e+00,0.0000e+00,0.0000e+00,0.0000e+00
0.0000e+00,0.0000e+00,0.0000e+00,0.0000e+00,0.0000e+00,0.0000e+00,0.0000e+00,0.0000e+00,0.0000e+00,0.0000e+00,0.0000e+00,0.0000e+00,0.0000e+00,0.0000e+00,0.0000e+00,0.0000e+00,0.0000e+00,0.0000e+00,0.0000e+00,0.0000e+00
0.0000e+00,0.0000e+00,0.0000e+00,0.0000e+00,0.0000e+00,0.0000e+00,0.0000e+00,0.0000e+00,0.0000e+00,0.0000e+00,0.0000e+00,0.0000e+00,0.0000e+00,0.0000e+00,0.0000e+00,0.0000e+00,0.0000e+00,0.0000e+00,0.0000e+00,0.0000e+00
0.0000e+00,0.0000e+00,0.0000e+00,0.0000e+00,0.0000e+00,0.0000e+00,0.0000e+00,0.0000e+00,0.0000e+00,0.0000e+00,0.0000e+00,0.0000e+00,0.0000e+00,0.0000e+00,0.0000e+00,0.0000e+00,0.0000e+00,0.0000e+00,0.0000e+00,0.0000e+00
0.0000e+00,0.0000e+00,0.0000e+00,0.0000e+00,0.0000e+00,0.0000e+00,0.0000e+00,0.0000e+00,0.0000e+00,0.0000e+00,0.0000e+00,0.0000e+00,0.0000e+00,0.0000e+00,0.0000e+00,0.0000e+00,0.0000e+00,0.0000e+00,0.0000e+00,0.0000e+00
0.0000e+00,0.0000e+00,0.0000e+00,0.0000e+00,0.0000e+00,0.0000e+00,0.0000e+00,0.0000e+00,0.0000e+00,0.0000e+00,0.0000e+00,0.0000e+00,0.0000e+00,0.0000e+00,0.0000e+00,0.0000e+00,0.0000e+00,0.0000e+00,0.0000e+00,0.0000e+00
0.0000e+00,0.0000e+00,0.0000e+00,0.0000e+00,0.0000e+00,0.0000e+00,0.0000e+00,0.0000e+00,0.0000e+00,0.0000e+00,0.0000e+00,0.0000e+00,0.0000e+00,0.0000e+00,0.0000e+00,0.0000e+00,0.0000e+00,0.0000e+00,0.0000e+00,0.0000e+00
0.0000e+00,0.0000e+00,0.0000e+00,0.0000e+00,0.0000e+00,0.0000e+00,0.0000e+00,0.0000e+00,0.0000e+00,0.0000e+00,0.0000e+00,0.0000e+00,0.0000e+00,0.0000e+00,0.0000e+00,0.0000e+00,0.0000e+00,0.0000e+00,0.0000e+00,0.0000e+00
0.0000e+00,0.0000e+00,0.0000e+00,0.0000e+00,0.0000e+00,0.0000e+00,0.0000e+00,0.0000e+00,0.0000e+00,0.0000e+00,0.0000e+00,0.0000e+00,0.0000e+00,0.0000e+00,0.0000e+00,0.0000e+00,0.0000e+00,0.0000e+00,0.0000e+00,0.0000e+00
0.0000e+00,0.0000e+00,0.0000e+00,0.0000e+00,0.0000e+00,0.0000e+00,0.0000e+00,0.0000e+00,0.0000e+00,0.0000e+00,0.0000e+00,0.0000e+00,0.0000e+00,0.0000e+00,0.0000e+00,0.0000e+00,0.0000e+00,0.0000e+00,0.0000e+00,0.0000e+00
0.0000e+00,0.0000e+00,0.0000e+00,0.0000e+00,0.0000e+00,0.0000e+00,0.0000e+00,0.0000e+00,0.0000e+00,0.0000e+00,0.0000e+00,0.0000e+00,0.0000e+00,0.0000e+00,0.0000e+00,0.0000e+00,0.0000e+00,0.0000e+00,0.0000e+00,0.0000e+00
0.0000e+00,0.0000e+00,0.0000e+00,0.0000e+00,0.0000e+00,0.0000e+00,0.0000e+00,0.0000e+00,0.0000e+00,0.0000e+00,0.0000e+00,0.0000e+00,0.0000e+00,0.0000e+00,0.0000e+00,0.0000e+00,0.0000e+00,0.0000e+00,0.0000e+00,0.0000e+00
0.0000e+00,0.0000e+00,0.0000e+00,0.0000e+00,0.0000e+00,0.0000e+00,0.0000e+00,0.0000e+00,0.0000e+00,0.0000e+00,0.0000e+00,0.0000e+00,0.0000e+00,0.0000e+00,0.0000e+00,0.0000e+00,0.0000e+00,0.0000e+00,0.0000e+00,0.0000e+00
0.0000e+00,0.0000e+00,0.0000e+00,0.0000e+00,0.0000e+00,0.0000e+00,0.0000e+00,0.0000e+00,0.0000e+00,0.0000e+00,0.0000e+00,0.0000e+00,0.0000e+00,0.0000e+00,0.0000e+00,0.0000e+00,0.0000e+00,0.0000e+00,0.0000e+00,0.0000e+00
0.0000e+00,0.0000e+00,0.0000e+00,0.0000e+00,0.0000e+00,0.0000e+00,0.0000e+00,0.0000e+00,0.0000e+00,0.0000e+00,0.0000e+00,0.0000e+00,0.0000e+00,0.0000e+00,0.0000e+00,0.0000e+00,0.0000e+00,0.0000e+00,0.0000e+00,0.0000e+00
0.0000e+00,0.0000e+00,0.0000e+00,0.0000e+00,0.0000e+00,0.0000e+00,0.0000e+00,0.0000e+00,0.0000e+00,0.0000e+00,0.0000e+00,0.0000e+00,0.0000e+00,0.0000e+00,0.0000e+00,0.0000e+00,0.0000e+00,0.0000e+00,0.0000e+00,0.0000e+00
0.0000e+00,0.0000e+00,0.0000e+00,0.0000e+00,0.0000e+00,0.0000e+00,0.0000e+00,0.0000e+00,0.0000e+00,0.0000e+00,0.0000e+00,0.0000e+00,0.0000e+00,0.0000e+00,0.0000e+00,0.0000e+00,0.0000e+00,0.0000e+00,0.0000e+00,0.0000e+00
0.0000e+00,0.0000e+00,0.0000e+00,0.0000e+00,1.9741e+02,0.0000e+00,0.0000e+00,0.0000e+00,0.0000e+00,0.0000e+00,0.0000e+00,0.0000e+00,0.0000e+00,0.0000e+00,0.0000e+00,0.0000e+00,0.0000e+00,0.0000e+00,0.0000e+00,0.0000e+00
0.0000e+00,0.0000e+00,0.0000e+00,0.0000e+00,0.0000e+00,0.0000e+00,0.0000e+00,0.0000e+00,0.0000e+00,0.0000e+00,0.0000e+00,0.0000e+00,0.0000e+00,0.0000e+00,0.0000e+00,0.0000e+00,0.0000e+00,0.0000e+00,0.0000e+00,0.0000e+00
0.0000e+00,0.0000e+00,0.0000e+00,0.0000e+00,0.0000e+00,0.0000e+00,0.0000e+00,0.0000e+00,0.0000e+00,0.0000e+00,0.0000e+00,0.0000e+00,0.0000e+00,0.0000e+00,0.0000e+00,0.0000e+00,0.0000e+00,0.0000e+00,0.0000e+00,0.0000e+00
0.0000e+00,0.0000e+00,0.0000e+00,0.0000e+00,0.0000e+00,0.0000e+00,0.0000e+00,0.0000e+00,0.0000e+00,0.0000e+00,0.0000e+00,0.0000e+00,0.0000e+00,0.0000e+00,0.0000e+00,0.0000e+00,0.0000e+00,0.0000e+00,0.0000e+00,0.0000e+00
0.0000e+00,0.0000e+00,0.0000e+00,0.0000e+00,0.0000e+00,0.0000e+00,0.0000e+00,0.0000e+00,0.0000e+00,0.0000e+00,0.0000e+00,0.0000e+00,0.0000e+00,0.0000e+00,0.0000e+00,0.0000e+00,0.0000e+00,0.0000e+00,0.0000e+00,0.0000e+00
0.0000e+00,0.0000e+00,0.0000e+00,0.0000e+00,0.0000e+00,0.0000e+00,0.0000e+00,0.0000e+00,0.0000e+00,0.0000e+00,0.0000e+00,0.0000e+00,0.0000e+00,0.0000e+00,0.0000e+00,0.0000e+00,0.0000e+00,0.0000e+00,0.0000e+00,0.0000e+00
0.0000e+00,0.0000e+00,0.0000e+00,0.0000e+00,0.0000e+00,0.0000e+00,0.0000e+00,0.0000e+00,0.0000e+00,0.0000e+00,0.0000e+00,0.0000e+00,0.0000e+00,0.0000e+00,0.0000e+00,0.0000e+00,0.0000e+00,0.0000e+00,0.0000e+00,0.0000e+00
0.0000e+00,0.0000e+00,0.0000e+00,0.0000e+00,0.0000e+00,0.0000e+00,0.0000e+00,0.0000e+00,0.0000e+00,0.0000e+00,0.0000e+00,0.0000e+00,0.0000e+00,0.0000e+00,0.0000e+00,0.0000e+00,0.0000e+00,0.0000e+00,0.0000e+00,0.0000e+00
0.0000e+00,0.0000e+00,0.0000e+00,0.0000e+00,0.0000e+00,0.0000e+00,0.0000e+00,0.0000e+00,0.0000e+00,0.0000e+00,0.0000e+00,0.0000e+00,0.0000e+00,0.0000e+00,0.0000e+00,0.0000e+00,0.0000e+00,0.0000e+00,0.0000e+00,0.0000e+00
0.0000e+00,0.0000e+00,0.0000e+00,0.0000e+00,0.0000e+00,0.0000e+00,0.0000e+00,0.0000e+00,0.0000e+00,0.0000e+00,0.0000e+00,0.0000e+00,0.0000e+00,0.0000e+00,0.0000e+00,0.0000e+00,0.0000e+00,0.0000e+00,0.0000e+00,0.0000e+00
0.0000e+00,0.0000e+00,0.0000e+00,0.0000e+00,0.0000e+00,0.0000e+00,0.0000e+00,0.0000e+00,0.0000e+00,0.0000e+00,0.0000e+00,0.0000e+00,0.0000e+00,0.0000e+00,0.0000e+00,0.0000e+00,0.0000e+00,0.0000e+00,0.0000e+00,0.0000e+00
0.0000e+00,0.0000e+00,0.0000e+00,0.0000e+00,0.0000e+00,0.0000e+00,0.0000e+00,0.0000e+00,0.0000e+00,0.0000e+00,0.0000e+00,0.0000e+00,0.0000e+00,0.0000e+00,0.0000e+00,0.0000e+00,0.0000e+00,0.0000e+00,0.0000e+00,0.0000e+00
0.0000e+00,0.0000e+00,0.0000e+00,0.0000e+00,4.7939e+02,0.0000e+00,0.0000e+00,0.0000e+00,0.0000e+00,0.0000e+00,0.0000e+00,0.0000e+00,0.0000e+00,0.0000e+00,0.0000e+00,0.0000e+00,0.0000e+00,0.0000e+00,0.0000e+00,0.0000e+00
0.0000e+00,0.0000e+00,0.0000e+00,0.0000e+00,2.8593e+02,0.0000e+00,0.0000e+00,0.0000e+00,0.0000e+00,0.0000e+00,0.0000e+00,0.0000e+00,0.0000e+00,0.0000e+00,0.0000e+00,0.0000e+00,0.0000e+00,0.0000e+00,0.0000e+00,0.0000e+00
0.0000e+00,0.0000e+00,0.0000e+00,0.0000e+00,0.0000e+00,0.0000e+00,0.0000e+00,0.0000e+00,0.0000e+00,0.0000e+00,0.0000e+00,0.0000e+00,0.0000e+00,0.0000e+00,0.0000e+00,0.0000e+00,0.0000e+00,0.0000e+00,0.0000e+00,0.0000e+00
0.0000e+00,0.0000e+00,0.0000e+00,0.0000e+00,0.0000e+00,0.0000e+00,0.0000e+00,0.0000e+00,0.0000e+00,0.0000e+00,0.0000e+00,0.0000e+00,0.0000e+00,0.0000e+00,0.0000e+00,0.0000e+00,0.0000e+00,0.0000e+00,0.0000e+00,0.0000e+00
0.0000e+00,0.0000e+00,0.0000e+00,0.0000e+00,0.0000e+00,0.0000e+00,0.0000e+00,0.0000e+00,0.0000e+00,0.0000e+00,0.0000e+00,0.0000e+00,0.0000e+00,0.0000e+00,0.0000e+00,0.0000e+00,0.0000e+00,0.0000e+00,0.0000e+00,0.0000e+00
0.0000e+00,0.0000e+00,0.0000e+00,0.0000e+00,1.0841e+02,0.0000e+00,0.0000e+00,0.0000e+00,0.0000e+00,0.0000e+00,0.0000e+00,0.0000e+00,0.0000e+00,0.0000e+00,0.0000e+00,0.0000e+00,0.0000e+00,0.0000e+00,0.0000e+00,0.0000e+00
0.0000e+00,0.0000e+00,0.0000e+00,0.0000e+00,8.0673e+00,0.0000e+00,0.0000e+00,0.0000e+00,0.0000e+00,0.0000e+00,0.0000e+00,0.0000e+00,0.0000e+00,0.0000e+00,0.0000e+00,0.0000e+00,0.0000e+00,0.0000e+00,0.0000e+00,0.0000e+00
0.0000e+00,0.0000e+00,0.0000e+00,0.0000e+00,1.6212e+02,0.0000e+00,0.0000e+00,0.0000e+00,0.0000e+00,0.0000e+00,0.0000e+00,0.0000e+00,0.0000e+00,0.0000e+00,0.0000e+00,0.0000e+00,0.0000e+00,0.0000e+00,0.0000e+00,0.0000e+00
0.0000e+00,0.0000e+00,0.0000e+00,0.0000e+00,0.0000e+00,0.0000e+00,0.0000e+00,0.0000e+00,0.0000e+00,0.0000e+00,0.0000e+00,0.0000e+00,0.0000e+00,0.0000e+00,0.0000e+00,0.0000e+00,0.0000e+00,0.0000e+00,0.0000e+00,0.0000e+00
0.0000e+00,0.0000e+00,0.0000e+00,0.0000e+00,6.1704e+02,0.0000e+00,0.0000e+00,0.0000e+00,0.0000e+00,0.0000e+00,0.0000e+00,0.0000e+00,0.0000e+00,0.0000e+00,0.0000e+00,0.0000e+00,0.0000e+00,0.0000e+00,0.0000e+00,0.0000e+00
0.0000e+00,0.0000e+00,0.0000e+00,0.0000e+00,3.5386e+02,0.0000e+00,0.0000e+00,0.0000e+00,0.0000e+00,0.0000e+00,0.0000e+00,0.0000e+00,0.0000e+00,0.0000e+00,0.0000e+00,0.0000e+00,0.0000e+00,0.0000e+00,0.0000e+00,0.0000e+00
0.0000e+00,0.0000e+00,0.0000e+00,0.0000e+00,0.0000e+00,0.0000e+00,0.0000e+00,0.0000e+00,0.0000e+00,0.0000e+00,0.0000e+00,0.0000e+00,0.0000e+00,0.0000e+00,0.0000e+00,0.0000e+00,0.0000e+00,0.0000e+00,0.0000e+00,0.0000e+00
0.0000e+00,0.0000e+00,0.0000e+00,0.0000e+00,0.0000e+00,0.0000e+00,0.0000e+00,0.0000e+00,0.0000e+00,0.0000e+00,0.0000e+00,0.0000e+00,0.0000e+00,0.0000e+00,0.0000e+00,0.0000e+00,0.0000e+00,0.0000e+00,0.0000e+00,0.0000e+00
0.0000e+00,0.0000e+00,0.0000e+00,0.0000e+00,0.0000e+00,0.0000e+00,0.0000e+00,0.0000e+00,0.0000e+00,0.0000e+00,0.0000e+00,0.0000e+00,0.0000e+00,0.0000e+00,0.0000e+00,0.0000e+00,0.0000e+00,0.0000e+00,0.0000e+00,0.0000e+00
0.0000e+00,0.0000e+00,0.0000e+00,0.0000e+00,0.0000e+00,0.0000e+00,0.0000e+00,0.0000e+00,0.0000e+00,0.0000e+00,0.0000e+00,0.0000e+00,0.0000e+00,0.0000e+00,0.0000e+00,0.0000e+00,0.0000e+00,0.0000e+00,0.0000e+00,0.0000e+00
0.0000e+00,0.0000e+00,0.0000e+00,0.0000e+00,0.0000e+00,0.0000e+00,0.0000e+00,0.0000e+00,0.0000e+00,0.0000e+00,0.0000e+00,0.0000e+00,0.0000e+00,0.0000e+00,0.0000e+00,0.0000e+00,0.0000e+00,0.0000e+00,0.0000e+00,0.0000e+00
0.0000e+00,0.0000e+00,0.0000e+00,0.0000e+00,0.0000e+00,0.0000e+00,0.0000e+00,0.0000e+00,0.0000e+00,0.0000e+00,0.0000e+00,0.0000e+00,0.0000e+00,0.0000e+00,0.0000e+00,0.0000e+00,0.0000e+00,0.0000e+00,0.0000e+00,0.0000e+00
0.0000e+00,0.0000e+00,0.0000e+00,0.0000e+00,0.0000e+00,0.0000e+00,0.0000e+00,0.0000e+00,0.0000e+00,0.0000e+00,0.0000e+00,0.0000e+00,0.0000e+00,0.0000e+00,0.0000e+00,0.0000e+00,0.0000e+00,0.0000e+00,0.0000e+00,0.0000e+00
0.0000e+00,0.0000e+00,0.0000e+00,0.0000e+00,0.0000e+00,0.0000e+00,0.0000e+00,0.0000e+00,0.0000e+00,0.0000e+00,0.0000e+00,0.0000e+00,0.0000e+00,0.0000e+00,0.0000e+00,0.0000e+00,0.0000e+00,0.0000e+00,0.0000e+00,0.0000e+00
0.0000e+00,0.0000e+00,0.0000e+00,0.0000e+00,0.0000e+00,0.0000e+00,0.0000e+00,0.0000e+00,0.0000e+00,0.0000e+00,0.0000e+00,0.0000e+00,0.0000e+00,0.0000e+00,0.0000e+00,0.0000e+00,0.0000e+00,0.0000e+00,0.0000e+00,0.0000e+00
0.0000e+00,0.0000e+00,0.0000e+00,0.0000e+00,0.0000e+00,0.0000e+00,0.0000e+00,0.0000e+00,0.0000e+00,0.0000e+00,0.0000e+00,0.0000e+00,0.0000e+00,0.0000e+00,0.0000e+00,0.0000e+00,0.0000e+00,0.0000e+00,0.0000e+00,0.0000e+00
0.0000e+00,0.0000e+00,0.0000e+00,0.0000e+00,0.0000e+00,0.0000e+00,0.0000e+00,0.0000e+00,0.0000e+00,0.0000e+00,0.0000e+00,0.0000e+00,0.0000e+00,0.0000e+00,0.0000e+00,0.0000e+00,0.0000e+00,0.0000e+00,0.0000e+00,0.0000e+00
0.0000e+00,0.0000e+00,0.0000e+00,0.0000e+00,0.0000e+00,0.0000e+00,0.0000e+00,0.0000e+00,0.0000e+00,0.0000e+00,0.0000e+00,0.0000e+00,0.0000e+00,0.0000e+00,0.0000e+00,0.0000e+00,0.0000e+00,0.0000e+00,0.0000e+00,0.0000e+00
0.0000e+00,0.0000e+00,0.0000e+00,0.0000e+00,0.0000e+00,0.0000e+00,0.0000e+00,0.0000e+00,0.0000e+00,0.0000e+00,0.0000e+00,0.0000e+00,0.0000e+00,0.0000e+00,0.0000e+00,0.0000e+00,0.0000e+00,0.0000e+00,0.0000e+00,0.0000e+00
0.0000e+00,0.0000e+00,0.0000e+00,0.0000e+00,4.2594e+02,0.0000e+00,0.0000e+00,0.0000e+00,0.0000e+00,0.0000e+00,0.0000e+00,0.0000e+00,0.0000e+00,0.0000e+00,0.0000e+00,0.0000e+00,0.0000e+00,0.0000e+00,0.0000e+00,0.0000e+00
0.0000e+00,0.0000e+00,0.0000e+00,0.0000e+00,7.4568e+02,0.0000e+00,0.0000e+00,0.0000e+00,0.0000e+00,0.0000e+00,0.0000e+00,0.0000e+00,0.0000e+00,0.0000e+00,0.0000e+00,0.0000e+00,0.0000e+00,0.0000e+00,0.0000e+00,0.0000e+00
0.0000e+00,0.0000e+00,0.0000e+00,0.0000e+00,1.0194e+03,0.0000e+00,0.0000e+00,0.0000e+00,0.0000e+00,0.0000e+00,0.0000e+00,0.0000e+00,0.0000e+00,0.0000e+00,0.0000e+00,0.0000e+00,0.0000e+00,0.0000e+00,0.0000e+00,0.0000e+00
0.0000e+00,0.0000e+00,0.0000e+00,0.0000e+00,3.6539e+02,0.0000e+00,0.0000e+00,0.0000e+00,0.0000e+00,0.0000e+00,0.0000e+00,0.0000e+00,0.0000e+00,0.0000e+00,0.0000e+00,0.0000e+00,0.0000e+00,0.0000e+00,0.0000e+00,0.0000e+00
0.0000e+00,0.0000e+00,0.0000e+00,0.0000e+00,6.3698e+02,0.0000e+00,0.0000e+00,0.0000e+00,0.0000e+00,0.0000e+00,0.0000e+00,0.0000e+00,0.0000e+00,0.0000e+00,0.0000e+00,0.0000e+00,0.0000e+00,0.0000e+00,0.0000e+00,0.0000e+00
0.0000e+00,0.0000e+00,0.0000e+00,0.0000e+00,1.1096e+03,0.0000e+00,0.0000e+00,0.0000e+00,0.0000e+00,0.0000e+00,0.0000e+00,0.0000e+00,0.0000e+00,0.0000e+00,0.0000e+00,0.0000e+00,0.0000e+00,0.0000e+00,0.0000e+00,0.0000e+00
0.0000e+00,0.0000e+00,0.0000e+00,0.0000e+00,6.3596e+02,0.0000e+00,0.0000e+00,0.0000e+00,0.0000e+00,0.0000e+00,0.0000e+00,0.0000e+00,0.0000e+00,0.0000e+00,0.0000e+00,0.0000e+00,0.0000e+00,0.0000e+00,0.0000e+00,0.0000e+00
0.0000e+00,0.0000e+00,0.0000e+00,0.0000e+00,1.1191e+03,0.0000e+00,0.0000e+00,0.0000e+00,0.0000e+00,0.0000e+00,0.0000e+00,0.0000e+00,0.0000e+00,0.0000e+00,0.0000e+00,0.0000e+00,0.0000e+00,0.0000e+00,0.0000e+00,0.0000e+00
0.0000e+00,0.0000e+00,0.0000e+00,0.0000e+00,0.0000e+00,0.0000e+00,0.0000e+00,0.0000e+00,0.0000e+00,0.0000e+00,0.0000e+00,0.0000e+00,0.0000e+00,0.0000e+00,0.0000e+00,0.0000e+00,0.0000e+00,0.0000e+00,0.0000e+00,0.0000e+00
0.0000e+00,0.0000e+00,0.0000e+00,0.0000e+00,0.0000e+00,0.0000e+00,0.0000e+00,0.0000e+00,0.0000e+00,0.0000e+00,0.0000e+00,0.0000e+00,0.0000e+00,0.0000e+00,0.0000e+00,0.0000e+00,0.0000e+00,0.0000e+00,0.0000e+00,0.0000e+00
0.0000e+00,0.0000e+00,0.0000e+00,0.0000e+00,0.0000e+00,0.0000e+00,0.0000e+00,0.0000e+00,0.0000e+00,0.0000e+00,0.0000e+00,0.0000e+00,0.0000e+00,0.0000e+00,0.0000e+00,0.0000e+00,0.0000e+00,0.0000e+00,0.0000e+00,0.0000e+00
0.0000e+00,0.0000e+00,0.0000e+00,0.0000e+00,0.0000e+00,0.0000e+00,0.0000e+00,0.0000e+00,0.0000e+00,0.0000e+00,0.0000e+00,0.0000e+00,0.0000e+00,0.0000e+00,0.0000e+00,0.0000e+00,0.0000e+00,0.0000e+00,0.0000e+00,0.0000e+00
0.0000e+00,0.0000e+00,0.0000e+00,0.0000e+00,0.0000e+00,0.0000e+00,0.0000e+00,0.0000e+00,0.0000e+00,0.0000e+00,0.0000e+00,0.0000e+00,0.0000e+00,0.0000e+00,0.0000e+00,0.0000e+00,0.0000e+00,0.0000e+00,0.0000e+00,0.0000e+00
0.0000e+00,0.0000e+00,0.0000e+00,0.0000e+00,0.0000e+00,0.0000e+00,0.0000e+00,0.0000e+00,0.0000e+00,0.0000e+00,0.0000e+00,0.0000e+00,0.0000e+00,0.0000e+00,0.0000e+00,0.0000e+00,0.0000e+00,0.0000e+00,0.0000e+00,0.0000e+00
0.0000e+00,0.0000e+00,0.0000e+00,0.0000e+00,0.0000e+00,0.0000e+00,0.0000e+00,0.0000e+00,0.0000e+00,0.0000e+00,0.0000e+00,0.0000e+00,0.0000e+00,0.0000e+00,0.0000e+00,0.0000e+00,0.0000e+00,0.0000e+00,0.0000e+00,0.0000e+00
0.0000e+00,0.0000e+00,0.0000e+00,0.0000e+00,0.0000e+00,0.0000e+00,0.0000e+00,0.0000e+00,0.0000e+00,0.0000e+00,0.0000e+00,0.0000e+00,0.0000e+00,0.0000e+00,0.0000e+00,0.0000e+00,0.0000e+00,0.0000e+00,0.0000e+00,0.0000e+00
0.0000e+00,0.0000e+00,0.0000e+00,0.0000e+00,0.0000e+00,0.0000e+00,0.0000e+00,0.0000e+00,0.0000e+00,0.0000e+00,0.0000e+00,0.0000e+00,0.0000e+00,0.0000e+00,0.0000e+00,0.0000e+00,0.0000e+00,0.0000e+00,0.0000e+00,0.0000e+00
0.0000e+00,0.0000e+00,0.0000e+00,0.0000e+00,0.0000e+00,0.0000e+00,0.0000e+00,0.0000e+00,0.0000e+00,0.0000e+00,0.0000e+00,0.0000e+00,0.0000e+00,0.0000e+00,0.0000e+00,0.0000e+00,0.0000e+00,0.0000e+00,0.0000e+00,0.0000e+00
0.0000e+00,0.0000e+00,0.0000e+00,0.0000e+00,0.0000e+00,0.0000e+00,0.0000e+00,0.0000e+00,0.0000e+00,0.0000e+00,0.0000e+00,0.0000e+00,0.0000e+00,0.0000e+00,0.0000e+00,0.0000e+00,0.0000e+00,0.0000e+00,0.0000e+00,0.0000e+00
0.0000e+00,0.0000e+00,0.0000e+00,0.0000e+00,0.0000e+00,0.0000e+00,0.0000e+00,0.0000e+00,0.0000e+00,0.0000e+00,0.0000e+00,0.0000e+00,0.0000e+00,0.0000e+00,0.0000e+00,0.0000e+00,0.0000e+00,0.0000e+00,0.0000e+00,0.0000e+00
0.0000e+00,0.0000e+00,0.0000e+00,0.0000e+00,0.0000e+00,0.0000e+00,0.0000e+00,0.0000e+00,0.0000e+00,0.0000e+00,0.0000e+00,0.0000e+00,0.0000e+00,0.0000e+00,0.0000e+00,0.0000e+00,0.0000e+00,0.0000e+00,0.0000e+00,0.0000e+00
0.0000e+00,0.0000e+00,0.0000e+00,0.0000e+00,0.0000e+00,0.0000e+00,0.0000e+00,0.0000e+00,0.0000e+00,0.0000e+00,0.0000e+00,0.0000e+00,0.0000e+00,0.0000e+00,0.0000e+00,0.0000e+00,0.0000e+00,0.0000e+00,0.0000e+00,0.0000e+00
0.0000e+00,0.0000e+00,0.0000e+00,0.0000e+00,0.0000e+00,0.0000e+00,0.0000e+00,0.0000e+00,0.0000e+00,0.0000e+00,0.0000e+00,0.0000e+00,0.0000e+00,0.0000e+00,0.0000e+00,0.0000e+00,0.0000e+00,0.0000e+00,0.0000e+00,0.0000e+00
0.0000e+00,0.0000e+00,0.0000e+00,0.0000e+00,0.0000e+00,0.0000e+00,0.0000e+00,0.0000e+00,0.0000e+00,0.0000e+00,0.0000e+00,0.0000e+00,0.0000e+00,0.0000e+00,0.0000e+00,0.0000e+00,0.0000e+00,0.0000e+00,0.0000e+00,0.0000e+00
0.0000e+00,0.0000e+00,0.0000e+00,0.0000e+00,3.1410e+02,0.0000e+00,0.0000e+00,0.0000e+00,0.0000e+00,0.0000e+00,0.0000e+00,0.0000e+00,0.0000e+00,0.0000e+00,0.0000e+00,0.0000e+00,0.0000e+00,0.0000e+00,0.0000e+00,0.0000e+00
0.0000e+00,0.0000e+00,0.0000e+00,0.0000e+00,5.6989e+02,0.0000e+00,0.0000e+00,0.0000e+00,0.0000e+00,0.0000e+00,0.0000e+00,0.0000e+00,0.0000e+00,0.0000e+00,0.0000e+00,0.0000e+00,0.0000e+00,0.0000e+00,0.0000e+00,0.0000e+00
0.0000e+00,0.0000e+00,0.0000e+00,0.0000e+00,6.7585e+02,0.0000e+00,0.0000e+00,0.0000e+00,0.0000e+00,0.0000e+00,0.0000e+00,0.0000e+00,0.0000e+00,0.0000e+00,0.0000e+00,0.0000e+00,0.0000e+00,0.0000e+00,0.0000e+00,0.0000e+00
0.0000e+00,0.0000e+00,0.0000e+00,0.0000e+00,2.6566e+02,0.0000e+00,0.0000e+00,0.0000e+00,0.0000e+00,0.0000e+00,0.0000e+00,0.0000e+00,0.0000e+00,0.0000e+00,0.0000e+00,0.0000e+00,0.0000e+00,0.0000e+00,0.0000e+00,0.0000e+00
0.0000e+00,0.0000e+00,0.0000e+00,0.0000e+00,4.8293e+02,0.0000e+00,0.0000e+00,0.0000e+00,0.0000e+00,0.0000e+00,0.0000e+00,0.0000e+00,0.0000e+00,0.0000e+00,0.0000e+00,0.0000e+00,0.0000e+00,0.0000e+00,0.0000e+00,0.0000e+00
0.0000e+00,0.0000e+00,0.0000e+00,0.0000e+00,6.4322e+02,0.0000e+00,0.0000e+00,0.0000e+00,0.0000e+00,0.0000e+00,0.0000e+00,0.0000e+00,0.0000e+00,0.0000e+00,0.0000e+00,0.0000e+00,0.0000e+00,0.0000e+00,0.0000e+00,0.0000e+00
0.0000e+00,0.0000e+00,0.0000e+00,0.0000e+00,4.8212e+02,0.0000e+00,0.0000e+00,0.0000e+00,0.0000e+00,0.0000e+00,0.0000e+00,0.0000e+00,0.0000e+00,0.0000e+00,0.0000e+00,0.0000e+00,0.0000e+00,0.0000e+00,0.0000e+00,0.0000e+00
0.0000e+00,0.0000e+00,0.0000e+00,0.0000e+00,8.8108e+01,0.0000e+00,0.0000e+00,0.0000e+00,0.0000e+00,0.0000e+00,0.0000e+00,0.0000e+00,0.0000e+00,0.0000e+00,0.0000e+00,0.0000e+00,0.0000e+00,0.0000e+00,0.0000e+00,0.0000e+00
0.0000e+00,0.0000e+00,0.0000e+00,0.0000e+00,0.0000e+00,0.0000e+00,0.0000e+00,0.0000e+00,0.0000e+00,0.0000e+00,0.0000e+00,0.0000e+00,0.0000e+00,0.0000e+00,0.0000e+00,0.0000e+00,0.0000e+00,0.0000e+00,0.0000e+00,0.0000e+00
0.0000e+00,0.0000e+00,0.0000e+00,0.0000e+00,0.0000e+00,0.0000e+00,0.0000e+00,0.0000e+00,0.0000e+00,0.0000e+00,0.0000e+00,0.0000e+00,0.0000e+00,0.0000e+00,0.0000e+00,0.0000e+00,0.0000e+00,0.0000e+00,0.0000e+00,0.0000e+00
0.0000e+00,0.0000e+00,0.0000e+00,0.0000e+00,4.8484e+01,0.0000e+00,0.0000e+00,0.0000e+00,0.0000e+00,0.0000e+00,0.0000e+00,0.0000e+00,0.0000e+00,0.0000e+00,0.0000e+00,0.0000e+00,0.0000e+00,0.0000e+00,0.0000e+00,0.0000e+00
0.0000e+00,0.0000e+00,0.0000e+00,0.0000e+00,0.0000e+00,0.0000e+00,0.0000e+00,0.0000e+00,0.0000e+00,0.0000e+00,0.0000e+00,0.0000e+00,0.0000e+00,0.0000e+00,0.0000e+00,0.0000e+00,0.0000e+00,0.0000e+00,0.0000e+00,0.0000e+00
0.0000e+00,0.0000e+00,0.0000e+00,0.0000e+00,0.0000e+00,0.0000e+00,0.0000e+00,0.0000e+00,0.0000e+00,0.0000e+00,0.0000e+00,0.0000e+00,0.0000e+00,0.0000e+00,0.0000e+00,0.0000e+00,0.0000e+00,0.0000e+00,0.0000e+00,0.0000e+00
0.0000e+00,0.0000e+00,0.0000e+00,0.0000e+00,0.0000e+00,0.0000e+00,0.0000e+00,0.0000e+00,0.0000e+00,0.0000e+00,0.0000e+00,0.0000e+00,0.0000e+00,0.0000e+00,0.0000e+00,0.0000e+00,0.0000e+00,0.0000e+00,0.0000e+00,0.0000e+00
0.0000e+00,0.0000e+00,0.0000e+00,0.0000e+00,0.0000e+00,0.0000e+00,0.0000e+00,0.0000e+00,0.0000e+00,0.0000e+00,0.0000e+00,0.0000e+00,0.0000e+00,0.0000e+00,0.0000e+00,0.0000e+00,0.0000e+00,0.0000e+00,0.0000e+00,0.0000e+00
0.0000e+00,0.0000e+00,0.0000e+00,0.0000e+00,0.0000e+00,0.0000e+00,0.0000e+00,0.0000e+00,0.0000e+00,0.0000e+00,0.0000e+00,0.0000e+00,0.0000e+00,0.0000e+00,0.0000e+00,0.0000e+00,0.0000e+00,0.0000e+00,0.0000e+00,0.0000e+00
0.0000e+00,0.0000e+00,0.0000e+00,0.0000e+00,0.0000e+00,0.0000e+00,0.0000e+00,0.0000e+00,0.0000e+00,0.0000e+00,0.0000e+00,0.0000e+00,0.0000e+00,0.0000e+00,0.0000e+00,0.0000e+00,0.0000e+00,0.0000e+00,0.0000e+00,0.0000e+00
0.0000e+00,0.0000e+00,0.0000e+00,0.0000e+00,0.0000e+00,0.0000e+00,0.0000e+00,0.0000e+00,0.0000e+00,0.0000e+00,0.0000e+00,0.0000e+00,0.0000e+00,0.0000e+00,0.0000e+00,0.0000e+00,0.0000e+00,0.0000e+00,0.0000e+00,0.0000e+00
0.0000e+00,0.0000e+00,0.0000e+00,0.0000e+00,0.0000e+00,0.0000e+00,0.0000e+00,0.0000e+00,0.0000e+00,0.0000e+00,0.0000e+00,0.0000e+00,0.0000e+00,0.0000e+00,0.0000e+00,0.0000e+00,0.0000e+00,0.0000e+00,0.0000e+00,0.0000e+00
0.0000e+00,0.0000e+00,0.0000e+00,0.0000e+00,0.0000e+00,0.0000e+00,0.0000e+00,0.0000e+00,0.0000e+00,0.0000e+00,0.0000e+00,0.0000e+00,0.0000e+00,0.0000e+00,0.0000e+00,0.0000e+00,0.0000e+00,0.0000e+00,0.0000e+00,0.0000e+00
0.0000e+00,0.0000e+00,0.0000e+00,0.0000e+00,0.0000e+00,0.0000e+00,0.0000e+00,0.0000e+00,0.0000e+00,0.0000e+00,0.0000e+00,0.0000e+00,0.0000e+00,0.0000e+00,0.0000e+00,0.0000e+00,0.0000e+00,0.0000e+00,0.0000e+00,0.0000e+00
0.0000e+00,0.0000e+00,0.0000e+00,0.0000e+00,4.1324e+01,0.0000e+00,0.0000e+00,0.0000e+00,0.0000e+00,0.0000e+00,0.0000e+00,0.0000e+00,0.0000e+00,0.0000e+00,0.0000e+00,0.0000e+00,0.0000e+00,0.0000e+00,0.0000e+00,0.0000e+00
0.0000e+00,0.0000e+00,0.0000e+00,0.0000e+00,0.0000e+00,0.0000e+00,0.0000e+00,0.0000e+00,0.0000e+00,0.0000e+00,0.0000e+00,0.0000e+00,0.0000e+00,0.0000e+00,0.0000e+00,0.0000e+00,0.0000e+00,0.0000e+00,0.0000e+00,0.0000e+00
0.0000e+00,0.0000e+00,0.0000e+00,0.0000e+00,0.0000e+00,0.0000e+00,0.0000e+00,0.0000e+00,0.0000e+00,0.0000e+00,0.0000e+00,0.0000e+00,0.0000e+00,0.0000e+00,0.0000e+00,0.0000e+00,0.0000e+00,0.0000e+00,0.0000e+00,0.0000e+00
0.0000e+00,0.0000e+00,0.0000e+00,0.0000e+00,1.0739e+03,0.0000e+00,0.0000e+00,0.0000e+00,0.0000e+00,0.0000e+00,0.0000e+00,0.0000e+00,0.0000e+00,0.0000e+00,0.0000e+00,0.0000e+00,0.0000e+00,0.0000e+00,0.0000e+00,0.0000e+00
0.0000e+00,0.0000e+00,0.0000e+00,0.0000e+00,1.2447e+03,0.0000e+00,0.0000e+00,0.0000e+00,0.0000e+00,0.0000e+00,0.0000e+00,0.0000e+00,0.0000e+00,0.0000e+00,0.0000e+00,0.0000e+00,0.0000e+00,0.0000e+00,0.0000e+00,0.0000e+00
0.0000e+00,0.0000e+00,0.0000e+00,0.0000e+00,1.2447e+03,0.0000e+00,0.0000e+00,0.0000e+00,0.0000e+00,0.0000e+00,0.0000e+00,0.0000e+00,0.0000e+00,0.0000e+00,0.0000e+00,0.0000e+00,0.0000e+00,0.0000e+00,0.0000e+00,0.0000e+00
0.0000e+00,0.0000e+00,0.0000e+00,0.0000e+00,1.0885e+03,0.0000e+00,0.0000e+00,0.0000e+00,0.0000e+00,0.0000e+00,0.0000e+00,0.0000e+00,0.0000e+00,0.0000e+00,0.0000e+00,0.0000e+00,0.0000e+00,0.0000e+00,0.0000e+00,0.0000e+00
0.0000e+00,0.0000e+00,0.0000e+00,0.0000e+00,1.2447e+03,0.0000e+00,0.0000e+00,0.0000e+00,0.0000e+00,0.0000e+00,0.0000e+00,0.0000e+00,0.0000e+00,0.0000e+00,0.0000e+00,0.0000e+00,0.0000e+00,0.0000e+00,0.0000e+00,0.0000e+00
0.0000e+00,0.0000e+00,0.0000e+00,0.0000e+00,1.2447e+03,0.0000e+00,0.0000e+00,0.0000e+00,0.0000e+00,0.0000e+00,0.0000e+00,0.0000e+00,0.0000e+00,0.0000e+00,0.0000e+00,0.0000e+00,0.0000e+00,0.0000e+00,0.0000e+00,0.0000e+00
0.0000e+00,0.0000e+00,0.0000e+00,0.0000e+00,1.2447e+03,0.0000e+00,0.0000e+00,0.0000e+00,0.0000e+00,0.0000e+00,0.0000e+00,0.0000e+00,0.0000e+00,0.0000e+00,0.0000e+00,0.0000e+00,0.0000e+00,0.0000e+00,0.0000e+00,0.0000e+00
0.0000e+00,0.0000e+00,0.0000e+00,0.0000e+00,7.9307e+02,0.0000e+00,0.0000e+00,0.0000e+00,0.0000e+00,0.0000e+00,0.0000e+00,0.0000e+00,0.0000e+00,0.0000e+00,0.0000e+00,0.0000e+00,0.0000e+00,0.0000e+00,0.0000e+00,0.0000e+00
0.0000e+00,0.0000e+00,0.0000e+00,0.0000e+00,5.0664e+02,0.0000e+00,0.0000e+00,0.0000e+00,0.0000e+00,0.0000e+00,0.0000e+00,0.0000e+00,0.0000e+00,0.0000e+00,0.0000e+00,0.0000e+00,0.0000e+00,0.0000e+00,0.0000e+00,0.0000e+00
0.0000e+00,0.0000e+00,0.0000e+00,0.0000e+00,6.1800e+02,0.0000e+00,0.0000e+00,0.0000e+00,0.0000e+00,0.0000e+00,0.0000e+00,0.0000e+00,0.0000e+00,0.0000e+00,0.0000e+00,0.0000e+00,0.0000e+00,0.0000e+00,0.0000e+00,0.0000e+00
0.0000e+00,0.0000e+00,0.0000e+00,0.0000e+00,1.2447e+03,0.0000e+00,0.0000e+00,0.0000e+00,0.0000e+00,0.0000e+00,0.0000e+00,0.0000e+00,0.0000e+00,0.0000e+00,0.0000e+00,0.0000e+00,0.0000e+00,0.0000e+00,0.0000e+00,0.0000e+00
0.0000e+00,0.0000e+00,0.0000e+00,0.0000e+00,2.3843e+02,0.0000e+00,0.0000e+00,0.0000e+00,0.0000e+00,0.0000e+00,0.0000e+00,0.0000e+00,0.0000e+00,0.0000e+00,0.0000e+00,0.0000e+00,0.0000e+00,0.0000e+00,0.0000e+00,0.0000e+00
0.0000e+00,0.0000e+00,0.0000e+00,0.0000e+00,0.0000e+00,0.0000e+00,0.0000e+00,0.0000e+00,0.0000e+00,0.0000e+00,0.0000e+00,0.0000e+00,0.0000e+00,0.0000e+00,0.0000e+00,0.0000e+00,0.0000e+00,0.0000e+00,0.0000e+00,0.0000e+00
0.0000e+00,0.0000e+00,0.0000e+00,0.0000e+00,0.0000e+00,0.0000e+00,0.0000e+00,0.0000e+00,0.0000e+00,0.0000e+00,0.0000e+00,0.0000e+00,0.0000e+00,0.0000e+00,0.0000e+00,0.0000e+00,0.0000e+00,0.0000e+00,0.0000e+00,0.0000e+00
0.0000e+00,0.0000e+00,0.0000e+00,0.0000e+00,0.0000e+00,0.0000e+00,0.0000e+00,0.0000e+00,0.0000e+00,0.0000e+00,0.0000e+00,0.0000e+00,0.0000e+00,0.0000e+00,0.0000e+00,0.0000e+00,0.0000e+00,0.0000e+00,0.0000e+00,0.0000e+00
0.0000e+00,0.0000e+00,0.0000e+00,0.0000e+00,0.0000e+00,0.0000e+00,0.0000e+00,0.0000e+00,0.0000e+00,0.0000e+00,0.0000e+00,0.0000e+00,0.0000e+00,0.0000e+00,0.0000e+00,0.0000e+00,0.0000e+00,0.0000e+00,0.0000e+00,0.0000e+00
0.0000e+00,0.0000e+00,0.0000e+00,0.0000e+00,0.0000e+00,0.0000e+00,0.0000e+00,0.0000e+00,0.0000e+00,0.0000e+00,0.0000e+00,0.0000e+00,0.0000e+00,0.0000e+00,0.0000e+00,0.0000e+00,0.0000e+00,0.0000e+00,0.0000e+00,0.0000e+00
0.0000e+00,0.0000e+00,0.0000e+00,0.0000e+00,0.0000e+00,0.0000e+00,0.0000e+00,0.0000e+00,0.0000e+00,0.0000e+00,0.0000e+00,0.0000e+00,0.0000e+00,0.0000e+00,0.0000e+00,0.0000e+00,0.0000e+00,0.0000e+00,0.0000e+00,0.0000e+00
0.0000e+00,0.0000e+00,0.0000e+00,0.0000e+00,0.0000e+00,0.0000e+00,0.0000e+00,0.0000e+00,0.0000e+00,0.0000e+00,0.0000e+00,0.0000e+00,0.0000e+00,0.0000e+00,0.0000e+00,0.0000e+00,0.0000e+00,0.0000e+00,0.0000e+00,0.0000e+00
0.0000e+00,0.0000e+00,0.0000e+00,0.0000e+00,0.0000e+00,0.0000e+00,0.0000e+00,0.0000e+00,0.0000e+00,0.0000e+00,0.0000e+00,0.0000e+00,0.0000e+00,0.0000e+00,0.0000e+00,0.0000e+00,0.0000e+00,0.0000e+00,0.0000e+00,0.0000e+00
0.0000e+00,0.0000e+00,0.0000e+00,0.0000e+00,0.0000e+00,0.0000e+00,0.0000e+00,0.0000e+00,0.0000e+00,0.0000e+00,0.0000e+00,0.0000e+00,0.0000e+00,0.0000e+00,0.0000e+00,0.0000e+00,0.0000e+00,0.0000e+00,0.0000e+00,0.0000e+00
0.0000e+00,0.0000e+00,0.0000e+00,0.0000e+00,7.0029e+01,0.0000e+00,0.0000e+00,0.0000e+00,0.0000e+00,0.0000e+00,0.0000e+00,0.0000e+00,0.0000e+00,0.0000e+00,0.0000e+00,0.0000e+00,0.0000e+00,0.0000e+00,0.0000e+00,0.0000e+00
0.0000e+00,0.0000e+00,0.0000e+00,0.0000e+00,0.0000e+00,0.0000e+00,0.0000e+00,0.0000e+00,0.0000e+00,0.0000e+00,0.0000e+00,0.0000e+00,0.0000e+00,0.0000e+00,0.0000e+00,0.0000e+00,0.0000e+00,0.0000e+00,0.0000e+00,0.0000e+00
0.0000e+00,0.0000e+00,0.0000e+00,0.0000e+00,0.0000e+00,0.0000e+00,0.0000e+00,0.0000e+00,0.0000e+00,0.0000e+00,0.0000e+00,0.0000e+00,0.0000e+00,0.0000e+00,0.0000e+00,0.0000e+00,0.0000e+00,0.0000e+00,0.0000e+00,0.0000e+00
0.0000e+00,0.0000e+00,0.0000e+00,0.0000e+00,1.0537e+03,0.0000e+00,0.0000e+00,0.0000e+00,0.0000e+00,0.0000e+00,0.0000e+00,0.0000e+00,0.0000e+00,0.0000e+00,0.0000e+00,0.0000e+00,0.0000e+00,0.0000e+00,0.0000e+00,0.0000e+00
0.0000e+00,0.0000e+00,0.0000e+00,0.0000e+00,1.2447e+03,0.0000e+00,0.0000e+00,0.0000e+00,0.0000e+00,0.0000e+00,0.0000e+00,0.0000e+00,0.0000e+00,0.0000e+00,0.0000e+00,0.0000e+00,0.0000e+00,0.0000e+00,0.0000e+00,0.0000e+00
0.0000e+00,0.0000e+00,0.0000e+00,0.0000e+00,1.2447e+03,0.0000e+00,0.0000e+00,0.0000e+00,0.0000e+00,0.0000e+00,0.0000e+00,0.0000e+00,0.0000e+00,0.0000e+00,0.0000e+00,0.0000e+00,0.0000e+00,0.0000e+00,0.0000e+00,0.0000e+00
0.0000e+00,0.0000e+00,0.0000e+00,0.0000e+00,1.0788e+03,0.0000e+00,0.0000e+00,0.0000e+00,0.0000e+00,0.0000e+00,0.0000e+00,0.0000e+00,0.0000e+00,0.0000e+00,0.0000e+00,0.0000e+00,0.0000e+00,0.0000e+00,0.0000e+00,0.0000e+00
0.0000e+00,0.0000e+00,0.0000e+00,0.0000e+00,1.2447e+03,0.0000e+00,0.0000e+00,0.0000e+00,0.0000e+00,0.0000e+00,0.0000e+00,0.0000e+00,0.0000e+00,0.0000e+00,0.0000e+00,0.0000e+00,0.0000e+00,0.0000e+00,0.0000e+00,0.0000e+00
0.0000e+00,0.0000e+00,0.0000e+00,0.0000e+00,1.2447e+03,0.0000e+00,0.0000e+00,0.0000e+00,0.0000e+00,0.0000e+00,0.0000e+00,0.0000e+00,0.0000e+00,0.0000e+00,0.0000e+00,0.0000e+00,0.0000e+00,0.0000e+00,0.0000e+00,0.0000e+00
0.0000e+00,0.0000e+00,0.0000e+00,0.0000e+00,1.2447e+03,0.0000e+00,0.0000e+00,0.0000e+00,0.0000e+00,0.0000e+00,0.0000e+00,0.0000e+00,0.0000e+00,0.0000e+00,0.0000e+00,0.0000e+00,0.0000e+00,0.0000e+00,0.0000e+00,0.0000e+00
0.0000e+00,0.0000e+00,0.0000e+00,0.0000e+00,8.1083e+02,0.0000e+00,0.0000e+00,0.0000e+00,0.0000e+00,0.0000e+00,0.0000e+00,0.0000e+00,0.0000e+00,0.0000e+00,0.0000e+00,0.0000e+00,0.0000e+00,0.0000e+00,0.0000e+00,0.0000e+00
0.0000e+00,0.0000e+00,0.0000e+00,0.0000e+00,5.5031e+02,0.0000e+00,0.0000e+00,0.0000e+00,0.0000e+00,0.0000e+00,0.0000e+00,0.0000e+00,0.0000e+00,0.0000e+00,0.0000e+00,0.0000e+00,0.0000e+00,0.0000e+00,0.0000e+00,0.0000e+00
0.0000e+00,0.0000e+00,0.0000e+00,0.0000e+00,6.4248e+02,0.0000e+00,0.0000e+00,0.0000e+00,0.0000e+00,0.0000e+00,0.0000e+00,0.0000e+00,0.0000e+00,0.0000e+00,0.0000e+00,0.0000e+00,0.0000e+00,0.0000e+00,0.0000e+00,0.0000e+00
0.0000e+00,0.0000e+00,0.0000e+00,0.0000e+00,5.0237e+02,0.0000e+00,0.0000e+00,0.0000e+00,0.0000e+00,0.0000e+00,0.0000e+00,0.0000e+00,0.0000e+00,0.0000e+00,0.0000e+00,0.0000e+00,0.0000e+00,0.0000e+00,0.0000e+00,0.0000e+00
0.0000e+00,0.0000e+00,0.0000e+00,0.0000e+00,2.9073e+02,0.0000e+00,0.0000e+00,0.0000e+00,0.0000e+00,0.0000e+00,0.0000e+00,0.0000e+00,0.0000e+00,0.0000e+00,0.0000e+00,0.0000e+00,0.0000e+00,0.0000e+00,0.0000e+00,0.0000e+00
0.0000e+00,0.0000e+00,0.0000e+00,0.0000e+00,0.0000e+00,0.0000e+00,0.0000e+00,0.0000e+00,0.0000e+00,0.0000e+00,0.0000e+00,0.0000e+00,0.0000e+00,0.0000e+00,0.0000e+00,0.0000e+00,0.0000e+00,0.0000e+00,0.0000e+00,0.0000e+00
0.0000e+00,0.0000e+00,0.0000e+00,0.0000e+00,0.0000e+00,0.0000e+00,0.0000e+00,0.0000e+00,0.0000e+00,0.0000e+00,0.0000e+00,0.0000e+00,0.0000e+00,0.0000e+00,0.0000e+00,0.0000e+00,0.0000e+00,0.0000e+00,0.0000e+00,0.0000e+00
0.0000e+00,0.0000e+00,0.0000e+00,0.0000e+00,0.0000e+00,0.0000e+00,0.0000e+00,0.0000e+00,0.0000e+00,0.0000e+00,0.0000e+00,0.0000e+00,0.0000e+00,0.0000e+00,0.0000e+00,0.0000e+00,0.0000e+00,0.0000e+00,0.0000e+00,0.0000e+00
0.0000e+00,0.0000e+00,0.0000e+00,0.0000e+00,0.0000e+00,0.0000e+00,0.0000e+00,0.0000e+00,0.0000e+00,0.0000e+00,0.0000e+00,0.0000e+00,0.0000e+00,0.0000e+00,0.0000e+00,0.0000e+00,0.0000e+00,0.0000e+00,0.0000e+00,0.0000e+00
0.0000e+00,0.0000e+00,0.0000e+00,0.0000e+00,0.0000e+00,0.0000e+00,0.0000e+00,0.0000e+00,0.0000e+00,0.0000e+00,0.0000e+00,0.0000e+00,0.0000e+00,0.0000e+00,0.0000e+00,0.0000e+00,0.0000e+00,0.0000e+00,0.0000e+00,0.0000e+00
