0.0000e+00,0.0000e+00,0.0000e+00,0.0000e+00,0.0000e+00,2.7283e+02
0.0000e+00,0.0000e+00,0.0000e+00,0.0000e+00,0.0000e+00,2.6135e+02
0.0000e+00,0.0000e+00,0.0000e+00,0.0000e+00,0.0000e+00,2.6135e+02
0.0000e+00,0.0000e+00,0.0000e+00,0.0000e+00,0.0000e+00,2.5342e+02
0.0000e+00,0.0000e+00,0.0000e+00,0.0000e+00,0.0000e+00,3.1639e+02
0.0000e+00,0.0000e+00,0.0000e+00,0.0000e+00,0.0000e+00,3.3442e+02
0.0000e+00,0.0000e+00,0.0000e+00,0.0000e+00,0.0000e+00,4.7087e+02
0.0000e+00,0.0000e+00,0.0000e+00,0.0000e+00,0.0000e+00,6.4295e+02
0.0000e+00,0.0000e+00,0.0000e+00,0.0000e+00,0.0000e+00,7.7519e+02
0.0000e+00,0.0000e+00,0.0000e+00,0.0000e+00,0.0000e+00,8.1358e+02
0.0000e+00,0.0000e+00,0.0000e+00,0.0000e+00,0.0000e+00,7.4008e+02
0.0000e+00,0.0000e+00,0.0000e+00,0.0000e+00,0.0000e+00,8.1255e+02
0.0000e+00,0.0000e+00,0.0000e+00,0.0000e+00,0.0000e+00,8.9285e+02
0.0000e+00,0.0000e+00,0.0000e+00,0.0000e+00,0.0000e+00,8.2115e+02
0.0000e+00,0.0000e+00,0.0000e+00,0.0000e+00,0.0000e+00,7.5643e+02
0.0000e+00,0.0000e+00,0.0000e+00,0.0000e+00,0.0000e+00,7.2413e+02
0.0000e+00,0.0000e+00,0.0000e+00,0.0000e+00,0.0000e+00,6.8653e+02
0.0000e+00,0.0000e+00,0.0000e+00,0.0000e+00,0.0000e+00,6.2749e+02
0.0000e+00,0.0000e+00,0.0000e+00,0.0000e+00,0.0000e+00,5.0911e+02
0.0000e+00,0.0000e+00,0.0000e+00,0.0000e+00,0.0000e+00,4.5957e+02
0.0000e+00,0.0000e+00,0.0000e+00,0.0000e+00,0.0000e+00,3.7006e+02
0.0000e+00,0.0000e+00,0.0000e+00,0.0000e+00,0.0000e+00,3.3091e+02
0.0000e+00,0.0000e+00,0.0000e+00,0.0000e+00,0.0000e+00,2.9507e+02
0.0000e+00,0.0000e+00,0.0000e+00,0.0000e+00,0.0000e+00,2.8217e+02
0.0000e+00,0.0000e+00,0.0000e+00,0.0000e+00,0.0000e+00,1.7637e+02
0.0000e+00,0.0000e+00,0.0000e+00,0.0000e+00,0.0000e+00,1.6893e+02
0.0000e+00,0.0000e+00,0.0000e+00,0.0000e+00,0.0000e+00,1.6893e+02
0.0000e+00,0.0000e+00,0.0000e+00,0.0000e+00,0.0000e+00,1.6386e+02
0.0000e+00,0.0000e+00,0.0000e+00,0.0000e+00,0.0000e+00,2.0372e+02
0.0000e+00,0.0000e+00,0.0000e+00,0.0000e+00,0.0000e+00,2.1764e+02
0.0000e+00,0.0000e+00,0.0000e+00,0.0000e+00,0.0000e+00,3.1392e+02
0.0000e+00,0.0000e+00,0.0000e+00,0.0000e+00,0.0000e+00,4.4556e+02
0.0000e+00,0.0000e+00,0.0000e+00,0.0000e+00,0.0000e+00,5.3848e+02
0.0000e+00,0.0000e+00,0.0000e+00,0.0000e+00,0.0000e+00,5.6566e+02
0.0000e+00,0.0000e+00,0.0000e+00,0.0000e+00,0.0000e+00,5.1552e+02
0.0000e+00,0.0000e+00,0.0000e+00,0.0000e+00,0.0000e+00,5.8039e+02
0.0000e+00,0.0000e+00,0.0000e+00,0.0000e+00,0.0000e+00,6.3775e+02
0.0000e+00,0.0000e+00,0.0000e+00,0.0000e+00,0.0000e+00,5.8654e+02
0.0000e+00,0.0000e+00,0.0000e+00,0.0000e+00,0.0000e+00,5.0429e+02
0.0000e+00,0.0000e+00,0.0000e+00,0.0000e+00,0.0000e+00,4.8275e+02
0.0000e+00,0.0000e+00,0.0000e+00,0.0000e+00,0.0000e+00,4.5769e+02
0.0000e+00,0.0000e+00,0.0000e+00,0.0000e+00,0.0000e+00,4.1832e+02
0.0000e+00,0.0000e+00,0.0000e+00,0.0000e+00,0.0000e+00,3.3941e+02
0.0000e+00,0.0000e+00,0.0000e+00,0.0000e+00,0.0000e+00,3.0638e+02
0.0000e+00,0.0000e+00,0.0000e+00,0.0000e+00,0.0000e+00,2.4670e+02
0.0000e+00,0.0000e+00,0.0000e+00,0.0000e+00,0.0000e+00,6.0087e+01
0.0000e+00,0.0000e+00,0.0000e+00,0.0000e+00,0.0000e+00,1.9671e+02
0.0000e+00,0.0000e+00,0.0000e+00,0.0000e+00,0.0000e+00,1.8812e+02
0.0000e+00,0.0000e+00,0.0000e+00,0.0000e+00,0.0000e+00,5.1767e+02
0.0000e+00,0.0000e+00,0.0000e+00,0.0000e+00,0.0000e+00,4.9732e+02
0.0000e+00,0.0000e+00,0.0000e+00,0.0000e+00,0.0000e+00,4.7813e+02
0.0000e+00,0.0000e+00,0.0000e+00,0.0000e+00,0.0000e+00,4.7044e+02
0.0000e+00,0.0000e+00,0.0000e+00,0.0000e+00,0.0000e+00,7.5808e+02
0.0000e+00,0.0000e+00,0.0000e+00,0.0000e+00,0.0000e+00,7.5598e+02
0.0000e+00,0.0000e+00,0.0000e+00,0.0000e+00,0.0000e+00,9.6219e+02
0.0000e+00,0.0000e+00,0.0000e+00,0.0000e+00,0.0000e+00,9.6219e+02
0.0000e+00,0.0000e+00,0.0000e+00,0.0000e+00,0.0000e+00,9.6219e+02
0.0000e+00,0.0000e+00,0.0000e+00,0.0000e+00,0.0000e+00,9.6219e+02
0.0000e+00,0.0000e+00,0.0000e+00,0.0000e+00,0.0000e+00,9.4835e+02
0.0000e+00,0.0000e+00,0.0000e+00,0.0000e+00,0.0000e+00,9.4569e+02
0.0000e+00,0.0000e+00,0.0000e+00,0.0000e+00,0.0000e+00,9.6219e+02
0.0000e+00,0.0000e+00,0.0000e+00,0.0000e+00,0.0000e+00,9.4950e+02
0.0000e+00,0.0000e+00,0.0000e+00,0.0000e+00,0.0000e+00,9.6219e+02
0.0000e+00,0.0000e+00,0.0000e+00,0.0000e+00,0.0000e+00,9.6219e+02
0.0000e+00,0.0000e+00,0.0000e+00,0.0000e+00,0.0000e+00,9.6219e+02
0.0000e+00,0.0000e+00,0.0000e+00,0.0000e+00,0.0000e+00,6.8934e+02
0.0000e+00,0.0000e+00,0.0000e+00,0.0000e+00,0.0000e+00,9.6219e+02
0.0000e+00,0.0000e+00,0.0000e+00,0.0000e+00,0.0000e+00,9.6219e+02
0.0000e+00,0.0000e+00,0.0000e+00,0.0000e+00,0.0000e+00,7.9207e+02
0.0000e+00,0.0000e+00,0.0000e+00,0.0000e+00,0.0000e+00,7.2227e+02
0.0000e+00,0.0000e+00,0.0000e+00,0.0000e+00,0.0000e+00,5.5854e+02
0.0000e+00,0.0000e+00,0.0000e+00,0.0000e+00,0.0000e+00,5.2917e+02
0.0000e+00,0.0000e+00,0.0000e+00,0.0000e+00,0.0000e+00,3.2355e+02
0.0000e+00,0.0000e+00,0.0000e+00,0.0000e+00,0.0000e+00,3.1183e+02
0.0000e+00,0.0000e+00,0.0000e+00,0.0000e+00,0.0000e+00,3.0100e+02
0.0000e+00,0.0000e+00,0.0000e+00,0.0000e+00,0.0000e+00,2.9901e+02
0.0000e+00,0.0000e+00,0.0000e+00,0.0000e+00,0.0000e+00,4.4561e+02
0.0000e+00,0.0000e+00,0.0000e+00,0.0000e+00,0.0000e+00,4.7151e+02
0.0000e+00,0.0000e+00,0.0000e+00,0.0000e+00,0.0000e+00,6.0111e+02
0.0000e+00,0.0000e+00,0.0000e+00,0.0000e+00,0.0000e+00,9.6219e+02
0.0000e+00,0.0000e+00,0.0000e+00,0.0000e+00,0.0000e+00,9.6219e+02
0.0000e+00,0.0000e+00,0.0000e+00,0.0000e+00,0.0000e+00,9.4703e+02
0.0000e+00,0.0000e+00,0.0000e+00,0.0000e+00,0.0000e+00,9.6219e+02
0.0000e+00,0.0000e+00,0.0000e+00,0.0000e+00,0.0000e+00,9.6219e+02
0.0000e+00,0.0000e+00,0.0000e+00,0.0000e+00,0.0000e+00,9.6219e+02
0.0000e+00,0.0000e+00,0.0000e+00,0.0000e+00,0.0000e+00,9.6219e+02
0.0000e+00,0.0000e+00,0.0000e+00,0.0000e+00,0.0000e+00,9.6219e+02
0.0000e+00,0.0000e+00,0.0000e+00,0.0000e+00,0.0000e+00,8.8947e+02
0.0000e+00,0.0000e+00,0.0000e+00,0.0000e+00,0.0000e+00,9.6219e+02
0.0000e+00,0.0000e+00,0.0000e+00,0.0000e+00,0.0000e+00,9.6219e+02
0.0000e+00,0.0000e+00,0.0000e+00,0.0000e+00,0.0000e+00,6.9373e+02
0.0000e+00,0.0000e+00,0.0000e+00,0.0000e+00,0.0000e+00,6.2397e+02
0.0000e+00,0.0000e+00,0.0000e+00,0.0000e+00,0.0000e+00,5.1412e+02
0.0000e+00,0.0000e+00,0.0000e+00,0.0000e+00,0.0000e+00,4.6081e+02
0.0000e+00,0.0000e+00,0.0000e+00,0.0000e+00,0.0000e+00,3.7205e+02
0.0000e+00,0.0000e+00,0.0000e+00,0.0000e+00,0.0000e+00,3.4855e+02
0.0000e+00,0.0000e+00,0.0000e+00,0.0000e+00,0.0000e+00,2.4404e+02
0.0000e+00,0.0000e+00,0.0000e+00,0.0000e+00,0.0000e+00,2.3244e+02
0.0000e+00,0.0000e+00,0.0000e+00,0.0000e+00,0.0000e+00,2.3244e+02
0.0000e+00,0.0000e+00,0.0000e+00,0.0000e+00,0.0000e+00,2.2473e+02
0.0000e+00,0.0000e+00,0.0000e+00,0.0000e+00,0.0000e+00,2.8382e+02
0.0000e+00,0.0000e+00,0.0000e+00,0.0000e+00,0.0000e+00,3.1281e+02
0.0000e+00,0.0000e+00,0.0000e+00,0.0000e+00,0.0000e+00,4.6732e+02
0.0000e+00,0.0000e+00,0.0000e+00,0.0000e+00,0.0000e+00,7.2539e+02
0.0000e+00,0.0000e+00,0.0000e+00,0.0000e+00,0.0000e+00,8.8086e+02
0.0000e+00,0.0000e+00,0.0000e+00,0.0000e+00,0.0000e+00,9.6219e+02
0.0000e+00,0.0000e+00,0.0000e+00,0.0000e+00,0.0000e+00,7.9538e+02
0.0000e+00,0.0000e+00,0.0000e+00,0.0000e+00,0.0000e+00,8.4252e+02
0.0000e+00,0.0000e+00,0.0000e+00,0.0000e+00,0.0000e+00,9.6219e+02
0.0000e+00,0.0000e+00,0.0000e+00,0.0000e+00,0.0000e+00,8.5308e+02
0.0000e+00,0.0000e+00,0.0000e+00,0.0000e+00,0.0000e+00,9.6219e+02
0.0000e+00,0.0000e+00,0.0000e+00,0.0000e+00,0.0000e+00,7.0484e+02
0.0000e+00,0.0000e+00,0.0000e+00,0.0000e+00,0.0000e+00,6.6348e+02
0.0000e+00,0.0000e+00,0.0000e+00,0.0000e+00,0.0000e+00,6.0566e+02
0.0000e+00,0.0000e+00,0.0000e+00,0.0000e+00,0.0000e+00,5.0938e+02
0.0000e+00,0.0000e+00,0.0000e+00,0.0000e+00,0.0000e+00,4.4328e+02
0.0000e+00,0.0000e+00,0.0000e+00,0.0000e+00,0.0000e+00,3.4488e+02
0.0000e+00,0.0000e+00,0.0000e+00,0.0000e+00,0.0000e+00,3.0285e+02
0.0000e+00,0.0000e+00,0.0000e+00,0.0000e+00,0.0000e+00,2.6647e+02
0.0000e+00,0.0000e+00,0.0000e+00,0.0000e+00,0.0000e+00,2.5331e+02
0.0000e+00,0.0000e+00,0.0000e+00,0.0000e+00,0.0000e+00,1.8628e+02
0.0000e+00,0.0000e+00,0.0000e+00,0.0000e+00,0.0000e+00,1.7745e+02
0.0000e+00,0.0000e+00,0.0000e+00,0.0000e+00,0.0000e+00,1.7745e+02
0.0000e+00,0.0000e+00,0.0000e+00,0.0000e+00,0.0000e+00,1.7175e+02
0.0000e+00,0.0000e+00,0.0000e+00,0.0000e+00,0.0000e+00,2.1444e+02
0.0000e+00,0.0000e+00,0.0000e+00,0.0000e+00,0.0000e+00,2.6554e+02
0.0000e+00,0.0000e+00,0.0000e+00,0.0000e+00,0.0000e+00,3.9918e+02
0.0000e+00,0.0000e+00,0.0000e+00,0.0000e+00,0.0000e+00,5.9888e+02
0.0000e+00,0.0000e+00,0.0000e+00,0.0000e+00,0.0000e+00,7.2326e+02
0.0000e+00,0.0000e+00,0.0000e+00,0.0000e+00,0.0000e+00,7.5970e+02
0.0000e+00,0.0000e+00,0.0000e+00,0.0000e+00,0.0000e+00,6.5488e+02
0.0000e+00,0.0000e+00,0.0000e+00,0.0000e+00,0.0000e+00,6.9259e+02
0.0000e+00,0.0000e+00,0.0000e+00,0.0000e+00,0.0000e+00,7.3318e+02
0.0000e+00,0.0000e+00,0.0000e+00,0.0000e+00,0.0000e+00,7.0103e+02
0.0000e+00,0.0000e+00,0.0000e+00,0.0000e+00,0.0000e+00,5.9069e+02
0.0000e+00,0.0000e+00,0.0000e+00,0.0000e+00,0.0000e+00,5.4531e+02
0.0000e+00,0.0000e+00,0.0000e+00,0.0000e+00,0.0000e+00,5.2449e+02
0.0000e+00,0.0000e+00,0.0000e+00,0.0000e+00,0.0000e+00,4.7491e+02
0.0000e+00,0.0000e+00,0.0000e+00,0.0000e+00,0.0000e+00,4.3283e+02
0.0000e+00,0.0000e+00,0.0000e+00,0.0000e+00,0.0000e+00,3.7995e+02
0.0000e+00,0.0000e+00,0.0000e+00,0.0000e+00,0.0000e+00,2.6554e+02
0.0000e+00,0.0000e+00,0.0000e+00,0.0000e+00,0.0000e+00,2.3103e+02
0.0000e+00,0.0000e+00,0.0000e+00,0.0000e+00,0.0000e+00,2.0331e+02
0.0000e+00,0.0000e+00,0.0000e+00,0.0000e+00,0.0000e+00,1.9323e+02
0.0000e+00,0.0000e+00,0.0000e+00,0.0000e+00,0.0000e+00,1.5252e+02
0.0000e+00,0.0000e+00,0.0000e+00,0.0000e+00,0.0000e+00,1.4787e+02
0.0000e+00,0.0000e+00,0.0000e+00,0.0000e+00,0.0000e+00,1.4787e+02
0.0000e+00,0.0000e+00,0.0000e+00,0.0000e+00,0.0000e+00,1.4400e+02
0.0000e+00,0.0000e+00,0.0000e+00,0.0000e+00,0.0000e+00,1.6995e+02
0.0000e+00,0.0000e+00,0.0000e+00,0.0000e+00,0.0000e+00,2.4542e+02
0.0000e+00,0.0000e+00,0.0000e+00,0.0000e+00,0.0000e+00,3.3368e+02
0.0000e+00,0.0000e+00,0.0000e+00,0.0000e+00,0.0000e+00,6.9308e+02
0.0000e+00,0.0000e+00,0.0000e+00,0.0000e+00,0.0000e+00,8.7808e+02
0.0000e+00,0.0000e+00,0.0000e+00,0.0000e+00,0.0000e+00,9.6219e+02
0.0000e+00,0.0000e+00,0.0000e+00,0.0000e+00,0.0000e+00,7.5407e+02
0.0000e+00,0.0000e+00,0.0000e+00,0.0000e+00,0.0000e+00,8.1747e+02
0.0000e+00,0.0000e+00,0.0000e+00,0.0000e+00,0.0000e+00,8.9416e+02
0.0000e+00,0.0000e+00,0.0000e+00,0.0000e+00,0.0000e+00,7.9396e+02
0.0000e+00,0.0000e+00,0.0000e+00,0.0000e+00,0.0000e+00,6.6920e+02
0.0000e+00,0.0000e+00,0.0000e+00,0.0000e+00,0.0000e+00,5.8351e+02
0.0000e+00,0.0000e+00,0.0000e+00,0.0000e+00,0.0000e+00,5.7300e+02
0.0000e+00,0.0000e+00,0.0000e+00,0.0000e+00,0.0000e+00,7.0459e+02
0.0000e+00,0.0000e+00,0.0000e+00,0.0000e+00,0.0000e+00,4.2812e+02
0.0000e+00,0.0000e+00,0.0000e+00,0.0000e+00,0.0000e+00,3.1045e+02
0.0000e+00,0.0000e+00,0.0000e+00,0.0000e+00,0.0000e+00,2.3845e+02
0.0000e+00,0.0000e+00,0.0000e+00,0.0000e+00,0.0000e+00,1.9123e+02
0.0000e+00,0.0000e+00,0.0000e+00,0.0000e+00,0.0000e+00,1.6800e+02
0.0000e+00,0.0000e+00,0.0000e+00,0.0000e+00,0.0000e+00,1.5794e+02
0.0000e+00,0.0000e+00,0.0000e+00,0.0000e+00,0.0000e+00,1.3467e+02
0.0000e+00,0.0000e+00,0.0000e+00,0.0000e+00,0.0000e+00,1.3096e+02
0.0000e+00,0.0000e+00,0.0000e+00,0.0000e+00,0.0000e+00,1.3096e+02
0.0000e+00,0.0000e+00,0.0000e+00,0.0000e+00,0.0000e+00,1.2786e+02
0.0000e+00,0.0000e+00,0.0000e+00,0.0000e+00,0.0000e+00,1.5798e+02
0.0000e+00,0.0000e+00,0.0000e+00,0.0000e+00,0.0000e+00,2.0900e+02
0.0000e+00,0.0000e+00,0.0000e+00,0.0000e+00,0.0000e+00,2.7960e+02
0.0000e+00,0.0000e+00,0.0000e+00,0.0000e+00,0.0000e+00,6.1641e+02
0.0000e+00,0.0000e+00,0.0000e+00,0.0000e+00,0.0000e+00,7.7443e+02
0.0000e+00,0.0000e+00,0.0000e+00,0.0000e+00,0.0000e+00,9.6219e+02
0.0000e+00,0.0000e+00,0.0000e+00,0.0000e+00,0.0000e+00,6.6859e+02
0.0000e+00,0.0000e+00,0.0000e+00,0.0000e+00,0.0000e+00,7.1988e+02
0.0000e+00,0.0000e+00,0.0000e+00,0.0000e+00,0.0000e+00,7.8890e+02
0.0000e+00,0.0000e+00,0.0000e+00,0.0000e+00,0.0000e+00,7.0501e+02
0.0000e+00,0.0000e+00,0.0000e+00,0.0000e+00,0.0000e+00,5.9268e+02
0.0000e+00,0.0000e+00,0.0000e+00,0.0000e+00,0.0000e+00,5.1619e+02
0.0000e+00,0.0000e+00,0.0000e+00,0.0000e+00,0.0000e+00,5.0856e+02
0.0000e+00,0.0000e+00,0.0000e+00,0.0000e+00,0.0000e+00,4.5140e+02
0.0000e+00,0.0000e+00,0.0000e+00,0.0000e+00,0.0000e+00,3.8047e+02
0.0000e+00,0.0000e+00,0.0000e+00,0.0000e+00,0.0000e+00,2.6102e+02
0.0000e+00,0.0000e+00,0.0000e+00,0.0000e+00,0.0000e+00,2.0342e+02
0.0000e+00,0.0000e+00,0.0000e+00,0.0000e+00,0.0000e+00,1.6564e+02
0.0000e+00,0.0000e+00,0.0000e+00,0.0000e+00,0.0000e+00,1.4706e+02
0.0000e+00,0.0000e+00,0.0000e+00,0.0000e+00,0.0000e+00,1.3901e+02
